# transform file /host/pandarus/local_raid/seles/colin27/mri/transforms/cc_up.lta
# created by sjhong on Thu Sep  7 18:34:42 2017

type      = 0
nxforms   = 1
mean      = 130.0000 140.0000 128.0000
sigma     = 10000.0000
1 4 4
9.998691082000732e-01 1.425411924719810e-02 -7.648182101547718e-03 -2.488730192184448e+00 
-1.425370480865240e-02 9.998983740806580e-01 1.090292062144727e-04 1.183394622802734e+01 
7.648959755897522e-03 -0.000000000000000e+00 9.999707341194153e-01 -3.981550455093384e+00 
0.000000000000000e+00 0.000000000000000e+00 0.000000000000000e+00 1.000000000000000e+00 
src volume info
valid = 1  # volume info valid
filename = /host/pandarus/local_raid/seles/colin27/mri/norm.mgz
volume = 256 256 256
voxelsize = 1.000000000000000e+00 1.000000000000000e+00 1.000000000000000e+00
xras   = -1.000000000000000e+00 0.000000000000000e+00 0.000000000000000e+00
yras   = 0.000000000000000e+00 0.000000000000000e+00 -1.000000000000000e+00
zras   = 0.000000000000000e+00 1.000000000000000e+00 0.000000000000000e+00
cras   = 5.000000000000000e-01 -1.750000000000000e+01 1.850000000000000e+01
dst volume info
valid = 1  # volume info valid
filename = /host/pandarus/local_raid/seles/colin27/mri/norm.mgz
volume = 256 256 256
voxelsize = 1.000000000000000e+00 1.000000000000000e+00 1.000000000000000e+00
xras   = -1.000000000000000e+00 0.000000000000000e+00 0.000000000000000e+00
yras   = 0.000000000000000e+00 0.000000000000000e+00 -1.000000000000000e+00
zras   = 0.000000000000000e+00 1.000000000000000e+00 0.000000000000000e+00
cras   = 5.000000000000000e-01 -1.750000000000000e+01 1.850000000000000e+01
