# transform file transforms/talairach_with_skull.lta
# created by sjhong on Thu Sep  7 13:31:33 2017

type      = 0
nxforms   = 1
mean      = 129.0000 129.0000 131.0000
sigma     = 10000.0000
1 4 4
9.615023732185364e-01 3.823298588395119e-02 -3.425155207514763e-02 1.629726409912109e+00 
-4.237754270434380e-02 1.069134116172791e+00 -1.184408366680145e-01 -8.261042594909668e+00 
3.226487338542938e-02 1.131960898637772e-01 9.574413299560547e-01 -3.471030426025391e+01 
0.000000000000000e+00 0.000000000000000e+00 0.000000000000000e+00 1.000000000000000e+00 
src volume info
valid = 1  # volume info valid
filename = nu.mgz
volume = 256 256 256
voxelsize = 1.000000000000000e+00 1.000000000000000e+00 1.000000000000000e+00
xras   = -1.000000000000000e+00 0.000000000000000e+00 0.000000000000000e+00
yras   = 0.000000000000000e+00 0.000000000000000e+00 -1.000000000000000e+00
zras   = 0.000000000000000e+00 1.000000000000000e+00 0.000000000000000e+00
cras   = 5.000000000000000e-01 -1.750000000000000e+01 1.850000000000000e+01
dst volume info
valid = 1  # volume info valid
filename = /export01/local/freesurfer//average/RB_all_withskull_2008-03-26.gca
volume = 256 256 256
voxelsize = 1.000000000000000e+00 1.000000000000000e+00 1.000000000000000e+00
xras   = -1.000000000000000e+00 0.000000000000000e+00 0.000000000000000e+00
yras   = 0.000000000000000e+00 0.000000000000000e+00 -1.000000000000000e+00
zras   = 0.000000000000000e+00 1.000000000000000e+00 0.000000000000000e+00
cras   = 0.000000000000000e+00 0.000000000000000e+00 0.000000000000000e+00
