# transform file transforms/talairach_with_skull_2.lta
# created by sjhong on Thu Sep  7 18:11:37 2017

type      = 0
nxforms   = 1
mean      = 129.0000 139.0000 129.0000
sigma     = 10000.0000
1 4 4
9.574763774871826e-01 3.471130877733231e-02 -2.717643044888973e-02 1.517975211143494e+00 
-3.275648877024651e-02 1.094882965087891e+00 -1.111800745129585e-01 -1.401497840881348e+01 
2.408127300441265e-02 1.238195225596428e-01 9.531001448631287e-01 -3.472263717651367e+01 
0.000000000000000e+00 0.000000000000000e+00 0.000000000000000e+00 1.000000000000000e+00 
src volume info
valid = 1  # volume info valid
filename = nu_noneck.mgz
volume = 256 256 256
voxelsize = 1.000000000000000e+00 1.000000000000000e+00 1.000000000000000e+00
xras   = -1.000000000000000e+00 0.000000000000000e+00 0.000000000000000e+00
yras   = 0.000000000000000e+00 0.000000000000000e+00 -1.000000000000000e+00
zras   = 0.000000000000000e+00 1.000000000000000e+00 0.000000000000000e+00
cras   = 5.000000000000000e-01 -1.750000000000000e+01 1.850000000000000e+01
dst volume info
valid = 1  # volume info valid
filename = /export01/local/freesurfer//average/RB_all_withskull_2008-03-26.gca
volume = 256 256 256
voxelsize = 1.000000000000000e+00 1.000000000000000e+00 1.000000000000000e+00
xras   = -1.000000000000000e+00 0.000000000000000e+00 0.000000000000000e+00
yras   = 0.000000000000000e+00 0.000000000000000e+00 -1.000000000000000e+00
zras   = 0.000000000000000e+00 1.000000000000000e+00 0.000000000000000e+00
cras   = 0.000000000000000e+00 0.000000000000000e+00 0.000000000000000e+00
fscale 0.150000
