# transform file transforms/talairach.lta
# created by sjhong on Thu Sep  7 13:54:46 2017

type      = 0
nxforms   = 1
mean      = 129.0000 139.0000 129.0000
sigma     = 10000.0000
1 4 4
9.776719808578491e-01 -2.513851213734597e-04 -1.564489491283894e-02 1.387414336204529e+00 
2.639198792167008e-04 9.467673301696777e-01 -2.112849870172795e-06 -1.098941326141357e+01 
1.612815819680691e-02 -2.071823701044195e-06 9.640635251998901e-01 -1.640019607543945e+01 
0.000000000000000e+00 0.000000000000000e+00 0.000000000000000e+00 1.000000000000000e+00 
src volume info
valid = 1  # volume info valid
filename = nu.mgz
volume = 256 256 256
voxelsize = 1.000000000000000e+00 1.000000000000000e+00 1.000000000000000e+00
xras   = -1.000000000000000e+00 0.000000000000000e+00 0.000000000000000e+00
yras   = 0.000000000000000e+00 0.000000000000000e+00 -1.000000000000000e+00
zras   = 0.000000000000000e+00 1.000000000000000e+00 0.000000000000000e+00
cras   = 5.000000000000000e-01 -1.750000000000000e+01 1.850000000000000e+01
dst volume info
valid = 1  # volume info valid
filename = /export01/local/freesurfer//average/RB_all_2008-03-26.gca
volume = 256 256 256
voxelsize = 1.000000000000000e+00 1.000000000000000e+00 1.000000000000000e+00
xras   = -1.000000000000000e+00 0.000000000000000e+00 0.000000000000000e+00
yras   = 0.000000000000000e+00 0.000000000000000e+00 -1.000000000000000e+00
zras   = 0.000000000000000e+00 1.000000000000000e+00 0.000000000000000e+00
cras   = 0.000000000000000e+00 0.000000000000000e+00 0.000000000000000e+00
