<?xml version="1.0" encoding="UTF-8"?>
<BorderFile Version="3" Structure="CORTEX_LEFT" SurfaceNumberOfVertices="10242">
    <MetaData>
        <MD>
            <Name>ParentProvenance</Name>
            <Value>../02_data/Final/maps/Surface/Freesurfer_fsaverage/fsaverage5/gii/parcellation/nieuwenhuys_parcellation_on_fsaverage5_lh_glasser_colormap.label.gii:
/local_raid1/01_software/workbench/bin_linux64/../exe_linux64/wb_command -metric-label-import /local_raid1/03_user/seokjun/01_project/08_Vogt_Vogt_mapping/02_data/Final/maps/Surface/Freesurfer_fsaverage/fsaverage5/gii/parcellation/nieuwenhuys_parcellation_on_fsaverage5_lh.gii /local_raid1/03_user/seokjun/01_project/08_Vogt_Vogt_mapping/01_analysis//label_vogt_vogt_glasser_colormap.txt /local_raid1/03_user/seokjun/01_project/08_Vogt_Vogt_mapping/02_data/Final/maps/Surface/Freesurfer_fsaverage/fsaverage5/gii/parcellation/nieuwenhuys_parcellation_on_fsaverage5_lh_glasser_colormap.label.gii -drop-unused-labels

</Value>
        </MD>
        <MD>
            <Name>ProgramProvenance</Name>
            <Value>Connectome Workbench
Type: Command Line Application
Version: 1.4.2
Qt Compiled Version: 5.7.0
Qt Runtime Version: 5.7.0
Commit: 092b7f2f7dfab0f9ea7cbb6c1db2e5dffd2c1045
Commit Date: 2020-01-07 17:24:23 -0600
Compiled with OpenMP: YES
Compiler: g++ (/home/caret/gcc/install/gcc-4.8.5/bin)
Compiler Version: 4.8.5
Compiled Debug: NO
Operating System: Linux
</Value>
        </MD>
        <MD>
            <Name>Provenance</Name>
            <Value>/local_raid1/01_software/workbench/bin_linux64/../exe_linux64/wb_command -label-to-border ../02_data/Final/cortical_surface/fsaverage5/lh.pial.surf.gii ../02_data/Final/maps/Surface/Freesurfer_fsaverage/fsaverage5/gii/parcellation/nieuwenhuys_parcellation_on_fsaverage5_lh_glasser_colormap.label.gii ../02_data/Final/maps/Surface/Freesurfer_fsaverage/fsaverage5/gii/parcellation/nieuwenhuys_parcellation_on_fsaverage5_lh_glasser_colormap.border</Value>
        </MD>
        <MD>
            <Name>WorkingDirectory</Name>
            <Value>/local_raid1/03_user/seokjun/01_project/08_Vogt_Vogt_mapping/01_analysis</Value>
        </MD>
    </MetaData>
    <Class Name="#1" Red="0" Green="0" Blue="0">
        <Border Name="vogt1" Red="0.0784314" Green="0.0196078" Blue="0">
            <BorderPart Closed="True">
                <Vertices>119 3056 3058
3058 3056 119
3058 3057 3056
1138 3057 6655
1138 6655 3057
6656 6655 1138
6656 4849 6655
6656 518 4849
6656 6657 518
6658 6657 6656
6658 1139 6657
6659 1139 6658
6659 4856 1139
6659 6660 1140
6659 1140 3059
3059 1140 6659
3060 1140 3059
3060 3061 1140
3062 3061 3060
3062 1142 3061
9169 1142 3062
9169 9170 4869
9169 4869 1621
1621 4869 4868
4868 4869 1621
4868 4870 261
4868 261 4870
7624 261 4868
7627 261 7624
7627 6665 261
7627 7628 1623
1623 7628 7627
1623 3666 3665
1623 3665 3664
3664 3665 3663
3664 3663 741
741 3663 3664
741 5943 5942
741 5942 5941
5941 5942 5940
5940 5942 740
5940 740 5939
5939 740 2659
5939 2659 740
5939 5938 2659
5939 739 5938
3656 739 3657
3656 3657 739
3658 3657 3656
3658 1619 3657
3659 1619 3658
3659 7618 1619
3659 7619 1620
1620 7619 3659
7620 7619 1620
7620 3056 7619
</Vertices>
                <Weights>0.67 0.33 0
0.67 0.33 0
0.67 0.33 0
0.67 0.33 0
0.67 0.33 0
0.67 0.33 0
0.67 0.33 0
0.67 0.33 0
0.67 0.33 0
0.67 0.33 0
0.67 0.33 0
0.67 0.33 0
0.67 0.33 0
0.67 0.33 0
0.67 0.33 0
0.67 0.33 0
0.67 0.33 0
0.67 0.33 0
0.67 0.33 0
0.67 0.33 0
0.67 0.33 0
0.67 0.33 0
0.67 0.33 0
0.67 0.33 0
0.67 0.33 0
0.67 0.33 0
0.67 0.33 0
0.67 0.33 0
0.67 0.33 0
0.67 0.33 0
0.67 0.33 0
0.67 0.33 0
0.67 0.33 0
0.67 0.33 0
0.67 0.33 0
0.67 0.33 0
0.67 0.33 0
0.67 0.33 0
0.67 0.33 0
0.67 0.33 0
0.67 0.33 0
0.67 0.33 0
0.67 0.33 0
0.67 0.33 0
0.67 0.33 0
0.67 0.33 0
0.67 0.33 0
0.67 0.33 0
0.67 0.33 0
0.67 0.33 0
0.67 0.33 0
0.67 0.33 0
0.67 0.33 0
0.67 0.33 0
0.67 0.33 0
0.67 0.33 0
</Weights>
            </BorderPart>
        </Border>
        <Border Name="vogt2" Red="0.364706" Green="0.129412" Blue="0.203922">
            <BorderPart Closed="True">
                <Vertices>740 5939 2659
2659 5939 740
2659 5938 738
2659 738 2658
2658 738 2659
2658 8238 738
2658 8182 8238
2658 22 2660
2660 22 2658
2660 2647 22
2661 2647 2660
2661 727 5943
2661 5943 727
5942 5943 2661
5942 741 5941
5942 5941 5940
5942 5940 740
740 5940 5939
</Vertices>
                <Weights>0.67 0.33 0
0.67 0.33 0
0.67 0.33 0
0.67 0.33 0
0.67 0.33 0
0.67 0.33 0
0.67 0.33 0
0.67 0.33 0
0.67 0.33 0
0.67 0.33 0
0.67 0.33 0
0.67 0.33 0
0.67 0.33 0
0.67 0.33 0
0.67 0.33 0
0.67 0.33 0
0.67 0.33 0
0.67 0.33 0
</Weights>
            </BorderPart>
        </Border>
        <Border Name="vogt3" Red="0.364706" Green="0.129412" Blue="0.203922">
            <BorderPart Closed="True">
                <Vertices>247 3624 3622
247 3622 3624
3665 3622 247
3666 3622 3665
3666 1597 7629
7629 1597 3666
7629 7567 1597
7629 3063 1143
7629 1143 7628
7628 1143 6665
7628 6665 7627
7628 7627 1623
7628 1623 7627
3666 1623 3665
3665 1623 3664
3665 3664 3663
3663 3664 741
3663 741 3664
5943 741 5942
5943 5942 2661
5943 2661 727
727 2661 5943
727 2647 2648
727 2648 2647
5919 2648 727
5919 5920 2648
5919 728 5918
5919 5918 5917
5917 5918 247
247 5918 5917
</Vertices>
                <Weights>0.67 0.33 0
0.67 0.33 0
0.67 0.33 0
0.67 0.33 0
0.67 0.33 0
0.67 0.33 0
0.67 0.33 0
0.67 0.33 0
0.67 0.33 0
0.67 0.33 0
0.67 0.33 0
0.67 0.33 0
0.67 0.33 0
0.67 0.33 0
0.67 0.33 0
0.67 0.33 0
0.67 0.33 0
0.67 0.33 0
0.67 0.33 0
0.67 0.33 0
0.67 0.33 0
0.67 0.33 0
0.67 0.33 0
0.67 0.33 0
0.67 0.33 0
0.67 0.33 0
0.67 0.33 0
0.67 0.33 0
0.67 0.33 0
0.67 0.33 0
</Weights>
            </BorderPart>
        </Border>
        <Border Name="vogt4" Red="0.207843" Green="0.145098" Blue="0.156863">
            <BorderPart Closed="True">
                <Vertices>261 4868 4870
4870 4868 261
4869 4868 1621
4869 1621 4868
4869 9169 1621
9170 9169 4869
1142 9169 3062
1142 3062 3061
3061 3062 3060
3061 3060 1140
1140 3060 3059
1140 3059 6659
1140 6659 3059
1140 6660 6659
6662 6660 1140
6661 6660 519
6661 519 6660
6661 4862 519
9163 4862 6661
2200 4862 4861
2200 4861 9161
2200 9161 4861
2200 9162 9161
9164 9162 2200
9164 9165 2201
9164 2201 4864
4864 2201 9164
4865 2201 4864
4865 4866 2201
4867 4866 4865
4867 2202 4866
9175 2202 4867
9175 9176 4874
4874 9176 2205
4874 2205 9176
4874 4875 4873
4873 4875 521
4873 521 4871
4873 4871 521
4872 4871 1144
4872 1144 4871
9172 1144 6666
6666 1144 9172
6666 6667 6665
6665 6667 1143
1143 6667 6665
1143 3064 3063
1143 3063 3064
1143 7629 7628
1143 7628 6665
6665 7628 7627
6665 7627 261
261 7627 7624
261 7624 4868
</Vertices>
                <Weights>0.67 0.33 0
0.67 0.33 0
0.67 0.33 0
0.67 0.33 0
0.67 0.33 0
0.67 0.33 0
0.67 0.33 0
0.67 0.33 0
0.67 0.33 0
0.67 0.33 0
0.67 0.33 0
0.67 0.33 0
0.67 0.33 0
0.67 0.33 0
0.67 0.33 0
0.67 0.33 0
0.67 0.33 0
0.67 0.33 0
0.67 0.33 0
0.67 0.33 0
0.67 0.33 0
0.67 0.33 0
0.67 0.33 0
0.67 0.33 0
0.67 0.33 0
0.67 0.33 0
0.67 0.33 0
0.67 0.33 0
0.67 0.33 0
0.67 0.33 0
0.67 0.33 0
0.67 0.33 0
0.67 0.33 0
0.67 0.33 0
0.67 0.33 0
0.67 0.33 0
0.67 0.33 0
0.67 0.33 0
0.67 0.33 0
0.67 0.33 0
0.67 0.33 0
0.67 0.33 0
0.67 0.33 0
0.67 0.33 0
0.67 0.33 0
0.67 0.33 0
0.67 0.33 0
0.67 0.33 0
0.67 0.33 0
0.67 0.33 0
0.67 0.33 0
0.67 0.33 0
0.67 0.33 0
0.67 0.33 0
</Weights>
            </BorderPart>
        </Border>
        <Border Name="vogt5" Red="0.207843" Green="0.145098" Blue="0.156863">
            <BorderPart Closed="True">
                <Vertices>518 4849 4851
4851 4849 518
4851 4850 4849
4851 2195 4850
4851 4852 2195
4853 4852 4851
2196 4852 9149
2196 9149 4852
9150 9149 2196
9150 9141 9149
9150 118 9141
3052 118 3050
3052 3050 118
3052 3051 3050
3052 1132 3051
9151 1132 3052
9152 1132 9151
9152 6646 1132
9153 6646 9152
9153 516 6646
9156 516 9153
9156 4837 516
9157 4837 9156
2190 4837 4836
2190 4836 9131
9131 4836 2190
9131 9130 4836
9131 802 9130
2722 802 2723
2722 2723 802
2724 2723 2722
2724 804 2723
9864 804 2724
9864 9865 5446
9864 5446 1958
1958 5446 5445
1958 5445 5446
1958 8470 8469
8469 8470 4298
4298 8470 1959
4298 1959 8470
4298 4299 4297
4298 4297 1957
1957 4297 4298
9161 4297 1957
9161 9162 2200
9161 2200 4861
4861 2200 9161
4862 2200 4861
4862 9163 6661
4862 6661 519
519 6661 6660
6660 6661 519
6660 6662 1140
6660 1140 6659
6660 6659 1140
4856 6659 1139
1139 6659 6658
1139 6658 6657
6657 6658 6656
6657 6656 518
518 6656 4849
</Vertices>
                <Weights>0.67 0.33 0
0.67 0.33 0
0.67 0.33 0
0.67 0.33 0
0.67 0.33 0
0.67 0.33 0
0.67 0.33 0
0.67 0.33 0
0.67 0.33 0
0.67 0.33 0
0.67 0.33 0
0.67 0.33 0
0.67 0.33 0
0.67 0.33 0
0.67 0.33 0
0.67 0.33 0
0.67 0.33 0
0.67 0.33 0
0.67 0.33 0
0.67 0.33 0
0.67 0.33 0
0.67 0.33 0
0.67 0.33 0
0.67 0.33 0
0.67 0.33 0
0.67 0.33 0
0.67 0.33 0
0.67 0.33 0
0.67 0.33 0
0.67 0.33 0
0.67 0.33 0
0.67 0.33 0
0.67 0.33 0
0.67 0.33 0
0.67 0.33 0
0.67 0.33 0
0.67 0.33 0
0.67 0.33 0
0.67 0.33 0
0.67 0.33 0
0.67 0.33 0
0.67 0.33 0
0.67 0.33 0
0.67 0.33 0
0.67 0.33 0
0.67 0.33 0
0.67 0.33 0
0.67 0.33 0
0.67 0.33 0
0.67 0.33 0
0.67 0.33 0
0.67 0.33 0
0.67 0.33 0
0.67 0.33 0
0.67 0.33 0
0.67 0.33 0
0.67 0.33 0
0.67 0.33 0
0.67 0.33 0
0.67 0.33 0
0.67 0.33 0
0.67 0.33 0
</Weights>
            </BorderPart>
        </Border>
        <Border Name="vogt6" Red="0.156863" Green="0.152941" Blue="0.137255">
            <BorderPart Closed="True">
                <Vertices>77 7358 7357
7357 7358 77
7357 7359 1507
7357 1507 7359
9178 1507 7357
9178 9179 4876
9178 4876 2205
2205 4876 4875
2205 4875 4874
2205 4874 9176
9176 4874 2205
9176 9175 4874
2202 9175 4867
2202 4867 4866
4866 4867 4865
4866 4865 2201
2201 4865 4864
2201 4864 9164
2201 9164 4864
9165 9164 2201
9162 9164 2200
9162 2200 9161
9162 9161 2200
4297 9161 1957
4297 1957 4298
4297 4298 1957
4299 4298 4297
1959 4298 8470
8470 4298 1959
8470 8469 4298
8470 1958 8469
8470 5445 1958
8471 5445 8470
8471 428 5445
8474 428 8471
7011 428 7012
7011 7012 428
7011 7013 1335
7011 1335 7013
8475 1335 7011
8475 8476 4303
8475 4303 1960
1960 4303 4302
1960 4302 4301
4301 4302 4300
4301 4300 953
953 4300 4301
953 6325 6324
6324 6325 2873
2873 6325 954
2873 954 6325
2874 954 2873
8478 954 2874
8478 8479 4306
8478 4306 1508
8478 1508 7358
8478 7358 1508
2874 7358 77
</Vertices>
                <Weights>0.67 0.33 0
0.67 0.33 0
0.67 0.33 0
0.67 0.33 0
0.67 0.33 0
0.67 0.33 0
0.67 0.33 0
0.67 0.33 0
0.67 0.33 0
0.67 0.33 0
0.67 0.33 0
0.67 0.33 0
0.67 0.33 0
0.67 0.33 0
0.67 0.33 0
0.67 0.33 0
0.67 0.33 0
0.67 0.33 0
0.67 0.33 0
0.67 0.33 0
0.67 0.33 0
0.67 0.33 0
0.67 0.33 0
0.67 0.33 0
0.67 0.33 0
0.67 0.33 0
0.67 0.33 0
0.67 0.33 0
0.67 0.33 0
0.67 0.33 0
0.67 0.33 0
0.67 0.33 0
0.67 0.33 0
0.67 0.33 0
0.67 0.33 0
0.67 0.33 0
0.67 0.33 0
0.67 0.33 0
0.67 0.33 0
0.67 0.33 0
0.67 0.33 0
0.67 0.33 0
0.67 0.33 0
0.67 0.33 0
0.67 0.33 0
0.67 0.33 0
0.67 0.33 0
0.67 0.33 0
0.67 0.33 0
0.67 0.33 0
0.67 0.33 0
0.67 0.33 0
0.67 0.33 0
0.67 0.33 0
0.67 0.33 0
0.67 0.33 0
0.67 0.33 0
0.67 0.33 0
</Weights>
            </BorderPart>
        </Border>
        <Border Name="vogt8" Red="0.207843" Green="0.145098" Blue="0.156863">
            <BorderPart Closed="True">
                <Vertices>428 7011 7012
7012 7011 428
7012 7013 7011
7012 1336 9867
9867 1336 7012
9867 5449 1336
9867 9868 5449
2436 9868 9867
2436 9866 9865
9865 9866 2436
6056 9866 9865
6056 324 3850
6056 3850 6055
6055 3850 803
6055 803 6054
6055 6054 2723
2723 6054 802
802 6054 6052
802 6052 6054
802 9130 6052
802 9131 9130
802 2722 2723
2723 2722 802
2723 2724 2722
804 2724 2723
804 9864 2724
9865 9864 5446
5446 9864 1958
5446 1958 5445
5445 1958 5446
5445 8470 1958
5445 8471 8470
428 8471 5445
428 8474 8471
</Vertices>
                <Weights>0.67 0.33 0
0.67 0.33 0
0.67 0.33 0
0.67 0.33 0
0.67 0.33 0
0.67 0.33 0
0.67 0.33 0
0.67 0.33 0
0.67 0.33 0
0.67 0.33 0
0.67 0.33 0
0.67 0.33 0
0.67 0.33 0
0.67 0.33 0
0.67 0.33 0
0.67 0.33 0
0.67 0.33 0
0.67 0.33 0
0.67 0.33 0
0.67 0.33 0
0.67 0.33 0
0.67 0.33 0
0.67 0.33 0
0.67 0.33 0
0.67 0.33 0
0.67 0.33 0
0.67 0.33 0
0.67 0.33 0
0.67 0.33 0
0.67 0.33 0
0.67 0.33 0
0.67 0.33 0
0.67 0.33 0
0.67 0.33 0
</Weights>
            </BorderPart>
            <BorderPart Closed="True">
                <Vertices>1335 7013 7011
1335 7011 7013
1335 8475 7011
1335 8476 8475
1335 3255 3256
1335 3256 3255
</Vertices>
                <Weights>0.67 0.33 0
0.67 0.33 0
0.67 0.33 0
0.67 0.33 0
0.67 0.33 0
0.67 0.33 0
</Weights>
            </BorderPart>
        </Border>
        <Border Name="vogt9" Red="0.345098" Green="0.247059" Blue="0.290196">
            <BorderPart Closed="True">
                <Vertices>322 3849 3847
322 3847 3849
9126 3847 9125
9126 9125 2188
2188 9125 4831
2188 4831 9125
4832 4831 4830
4832 4830 515
4832 515 4830
6643 515 6642
6642 515 4826
6642 4826 6641
6642 6641 1130
1130 6641 3049
1130 3049 6641
3050 3049 3048
3050 3048 118
3050 118 3048
3050 3052 118
3051 3052 3050
1132 3052 3051
1132 9151 3052
1132 9152 9151
6646 9152 1132
6646 9153 9152
516 9153 6646
516 9156 9153
4837 9156 516
4837 9157 9156
4837 2190 4836
4836 2190 9131
4836 9131 2190
9130 9131 4836
9130 802 6052
6052 802 6054
6052 6054 802
6052 6053 322
322 6053 6052
</Vertices>
                <Weights>0.67 0.33 0
0.67 0.33 0
0.67 0.33 0
0.67 0.33 0
0.67 0.33 0
0.67 0.33 0
0.67 0.33 0
0.67 0.33 0
0.67 0.33 0
0.67 0.33 0
0.67 0.33 0
0.67 0.33 0
0.67 0.33 0
0.67 0.33 0
0.67 0.33 0
0.67 0.33 0
0.67 0.33 0
0.67 0.33 0
0.67 0.33 0
0.67 0.33 0
0.67 0.33 0
0.67 0.33 0
0.67 0.33 0
0.67 0.33 0
0.67 0.33 0
0.67 0.33 0
0.67 0.33 0
0.67 0.33 0
0.67 0.33 0
0.67 0.33 0
0.67 0.33 0
0.67 0.33 0
0.67 0.33 0
0.67 0.33 0
0.67 0.33 0
0.67 0.33 0
0.67 0.33 0
0.67 0.33 0
</Weights>
            </BorderPart>
        </Border>
        <Border Name="vogt10" Red="0.129412" Green="0.0392157" Blue="0.027451">
            <BorderPart Closed="True">
                <Vertices>521 4873 4871
4871 4873 521
4871 4872 1144
1144 4872 4871
1144 9172 6666
1144 6666 9172
6667 6666 6665
6667 6665 1143
6667 1143 6665
3064 1143 3063
3064 3063 1143
3064 3065 3063
1145 3065 3064
1145 3066 3065
6671 3066 1145
6671 6672 3066
6671 1146 6670
6670 1146 9181
6670 9181 1146
4877 9181 6670
2206 9181 4877
2206 9182 9181
2206 9180 9179
2206 9179 4876
4876 9179 2206
4876 9178 2205
4876 2205 4875
4875 2205 4874
4875 4874 4873
4875 4873 521
</Vertices>
                <Weights>0.67 0.33 0
0.67 0.33 0
0.67 0.33 0
0.67 0.33 0
0.67 0.33 0
0.67 0.33 0
0.67 0.33 0
0.67 0.33 0
0.67 0.33 0
0.67 0.33 0
0.67 0.33 0
0.67 0.33 0
0.67 0.33 0
0.67 0.33 0
0.67 0.33 0
0.67 0.33 0
0.67 0.33 0
0.67 0.33 0
0.67 0.33 0
0.67 0.33 0
0.67 0.33 0
0.67 0.33 0
0.67 0.33 0
0.67 0.33 0
0.67 0.33 0
0.67 0.33 0
0.67 0.33 0
0.67 0.33 0
0.67 0.33 0
0.67 0.33 0
</Weights>
            </BorderPart>
            <BorderPart Closed="True">
                <Vertices>7358 77 7357
7358 7357 77
7358 7359 7357
7358 1508 8478
7358 8478 1508
7358 2874 77
</Vertices>
                <Weights>0.67 0.33 0
0.67 0.33 0
0.67 0.33 0
0.67 0.33 0
0.67 0.33 0
0.67 0.33 0
</Weights>
            </BorderPart>
        </Border>
        <Border Name="vogt11" Red="1" Green="1" Blue="1">
            <BorderPart Closed="True">
                <Vertices>429 8483 8480
8480 8483 8482
8480 8482 1962
8480 1962 8479
8479 1962 4306
8479 4306 1962
8479 8478 4306
954 8478 2874
954 2874 2873
954 2873 6325
6325 2873 954
6325 6324 2873
6325 953 6324
4300 953 4301
4300 4301 953
4302 4301 4300
4302 1960 4301
4303 1960 4302
4303 8475 1960
8476 8475 4303
8476 1335 8475
8476 3255 1335
8476 8477 1961
1961 8477 8476
1961 8485 8484
1961 8484 4304
4304 8484 8483
4304 8483 429
</Vertices>
                <Weights>0.67 0.33 0
0.67 0.33 0
0.67 0.33 0
0.67 0.33 0
0.67 0.33 0
0.67 0.33 0
0.67 0.33 0
0.67 0.33 0
0.67 0.33 0
0.67 0.33 0
0.67 0.33 0
0.67 0.33 0
0.67 0.33 0
0.67 0.33 0
0.67 0.33 0
0.67 0.33 0
0.67 0.33 0
0.67 0.33 0
0.67 0.33 0
0.67 0.33 0
0.67 0.33 0
0.67 0.33 0
0.67 0.33 0
0.67 0.33 0
0.67 0.33 0
0.67 0.33 0
0.67 0.33 0
0.67 0.33 0
</Weights>
            </BorderPart>
            <BorderPart Closed="True">
                <Vertices>1507 7357 7359
7359 7357 1507
7359 7358 7357
1508 7358 8478
1508 8478 7358
1508 4306 4305
1508 4305 4306
1508 7360 7359
7359 7360 3473
7359 3473 1507
1507 3473 3472
1507 3472 3473
9179 3472 1507
9179 9180 2206
9179 2206 4876
9179 4876 2206
9179 9178 4876
1507 9178 7357
</Vertices>
                <Weights>0.67 0.33 0
0.67 0.33 0
0.67 0.33 0
0.67 0.33 0
0.67 0.33 0
0.67 0.33 0
0.67 0.33 0
0.67 0.33 0
0.67 0.33 0
0.67 0.33 0
0.67 0.33 0
0.67 0.33 0
0.67 0.33 0
0.67 0.33 0
0.67 0.33 0
0.67 0.33 0
0.67 0.33 0
0.67 0.33 0
</Weights>
            </BorderPart>
            <BorderPart Closed="True">
                <Vertices>1738 9873 7894
1738 7894 9873
7895 7894 7893
7895 7893 1737
7895 1737 7893
7895 3856 1737
7895 7896 3856
1738 7896 7895
1738 5453 5454
5454 5453 1738
5454 5455 5453
5454 2439 9874
5454 9874 2439
5454 9873 1738
</Vertices>
                <Weights>0.67 0.33 0
0.67 0.33 0
0.67 0.33 0
0.67 0.33 0
0.67 0.33 0
0.67 0.33 0
0.67 0.33 0
0.67 0.33 0
0.67 0.33 0
0.67 0.33 0
0.67 0.33 0
0.67 0.33 0
0.67 0.33 0
0.67 0.33 0
</Weights>
            </BorderPart>
            <BorderPart Closed="True">
                <Vertices>3257 78 3255
3257 3255 78
3257 3256 3255
3257 1337 3256
3257 9873 7894
3257 7894 78
</Vertices>
                <Weights>0.67 0.33 0
0.67 0.33 0
0.67 0.33 0
0.67 0.33 0
0.67 0.33 0
0.67 0.33 0
</Weights>
            </BorderPart>
        </Border>
        <Border Name="vogt12" Red="1" Green="1" Blue="1">
            <BorderPart Closed="True">
                <Vertices>197 3474 3472
3472 3474 197
3472 3473 1507
3472 1507 3473
3472 9179 1507
9180 9179 2206
9180 2206 9179
9180 9182 2206
9180 9183 9182
197 9183 9180
197 5827 5828
197 5828 5827
</Vertices>
                <Weights>0.67 0.33 0
0.67 0.33 0
0.67 0.33 0
0.67 0.33 0
0.67 0.33 0
0.67 0.33 0
0.67 0.33 0
0.67 0.33 0
0.67 0.33 0
0.67 0.33 0
0.67 0.33 0
0.67 0.33 0
</Weights>
            </BorderPart>
        </Border>
        <Border Name="vogt13" Red="1" Green="1" Blue="1">
            <BorderPart Closed="True">
                <Vertices>78 3257 3255
78 3255 3257
8477 3255 8476
8477 8476 1961
8477 1961 8476
8485 1961 8484
8484 1961 4304
8484 4304 8483
8483 4304 429
8483 429 8480
8483 8480 8482
8482 8480 1962
1962 8480 8479
1962 8479 4306
4306 8479 1962
4306 8478 1508
4306 1508 4305
4305 1508 4306
7360 1508 7359
7360 7359 3473
3473 7359 1507
3473 1507 3472
3473 3472 1507
3474 3472 197
3474 197 3472
5828 197 5827
5827 197 5828
5827 9183 197
5827 9184 9183
5827 677 5829
5827 5829 677
5828 5829 5827
5828 678 7362
5828 7362 678
3474 7362 5828
1509 7362 3474
1509 7363 7362
7361 7363 1509
7364 7363 1510
7364 1510 7363
7365 1510 7364
7365 3478 1510
7365 7366 3478
955 7366 7365
2875 7366 955
2875 7367 7366
2875 79 2877
2875 2877 79
2876 2877 2875
2876 957 6330
6330 957 2876
6330 6331 957
4308 6331 6330
4308 430 4310
4310 430 4308
4312 430 4310
4312 4314 430
4313 4314 4312
4313 1965 8488
4313 8488 1965
8487 8488 4313
1737 8488 8487
1737 3855 3856
1737 3856 3855
1737 7895 7893
7893 7895 1737
7893 7894 78
78 7894 7893
</Vertices>
                <Weights>0.67 0.33 0
0.67 0.33 0
0.67 0.33 0
0.67 0.33 0
0.67 0.33 0
0.67 0.33 0
0.67 0.33 0
0.67 0.33 0
0.67 0.33 0
0.67 0.33 0
0.67 0.33 0
0.67 0.33 0
0.67 0.33 0
0.67 0.33 0
0.67 0.33 0
0.67 0.33 0
0.67 0.33 0
0.67 0.33 0
0.67 0.33 0
0.67 0.33 0
0.67 0.33 0
0.67 0.33 0
0.67 0.33 0
0.67 0.33 0
0.67 0.33 0
0.67 0.33 0
0.67 0.33 0
0.67 0.33 0
0.67 0.33 0
0.67 0.33 0
0.67 0.33 0
0.67 0.33 0
0.67 0.33 0
0.67 0.33 0
0.67 0.33 0
0.67 0.33 0
0.67 0.33 0
0.67 0.33 0
0.67 0.33 0
0.67 0.33 0
0.67 0.33 0
0.67 0.33 0
0.67 0.33 0
0.67 0.33 0
0.67 0.33 0
0.67 0.33 0
0.67 0.33 0
0.67 0.33 0
0.67 0.33 0
0.67 0.33 0
0.67 0.33 0
0.67 0.33 0
0.67 0.33 0
0.67 0.33 0
0.67 0.33 0
0.67 0.33 0
0.67 0.33 0
0.67 0.33 0
0.67 0.33 0
0.67 0.33 0
0.67 0.33 0
0.67 0.33 0
0.67 0.33 0
0.67 0.33 0
0.67 0.33 0
0.67 0.33 0
0.67 0.33 0
0.67 0.33 0
</Weights>
            </BorderPart>
        </Border>
        <Border Name="vogt14" Red="1" Green="1" Blue="1">
            <BorderPart Closed="True">
                <Vertices>678 5828 7362
7362 5828 678
7362 3474 5828
7362 1509 3474
7363 1509 7362
7363 7361 1509
7363 7364 1510
1510 7364 7363
1510 7365 7364
3478 7365 1510
7366 7365 3478
7366 955 7365
7366 2875 955
7366 7367 1511
1511 7367 7366
1511 10169 10168
10168 10169 5700
10168 5700 2537
2537 5700 5699
2537 5699 5698
2537 5698 10166
10166 5698 2537
10165 5698 1420
10165 1420 7162
10165 7162 1420
5696 7162 588
5696 588 5694
5694 588 5696
5694 9759 9758
9758 9759 2401
9758 2401 5355
9758 5355 2401
9758 9757 5355
2400 9757 9756
9756 9757 9023
9756 9023 8
9756 8 9023
2599 8 2597
2599 2597 8
2598 2597 677
2598 677 2597
5829 677 5827
5829 5827 677
5829 5828 5827
</Vertices>
                <Weights>0.67 0.33 0
0.67 0.33 0
0.67 0.33 0
0.67 0.33 0
0.67 0.33 0
0.67 0.33 0
0.67 0.33 0
0.67 0.33 0
0.67 0.33 0
0.67 0.33 0
0.67 0.33 0
0.67 0.33 0
0.67 0.33 0
0.67 0.33 0
0.67 0.33 0
0.67 0.33 0
0.67 0.33 0
0.67 0.33 0
0.67 0.33 0
0.67 0.33 0
0.67 0.33 0
0.67 0.33 0
0.67 0.33 0
0.67 0.33 0
0.67 0.33 0
0.67 0.33 0
0.67 0.33 0
0.67 0.33 0
0.67 0.33 0
0.67 0.33 0
0.67 0.33 0
0.67 0.33 0
0.67 0.33 0
0.67 0.33 0
0.67 0.33 0
0.67 0.33 0
0.67 0.33 0
0.67 0.33 0
0.67 0.33 0
0.67 0.33 0
0.67 0.33 0
0.67 0.33 0
0.67 0.33 0
0.67 0.33 0
</Weights>
            </BorderPart>
        </Border>
        <Border Name="vogt15" Red="1" Green="1" Blue="1">
            <BorderPart Closed="True">
                <Vertices>8 2599 2597
2597 2599 8
2597 2598 677
677 2598 2597
677 5829 5827
677 5827 5829
9184 5827 9183
9184 9183 2207
9184 2207 9183
9184 4881 2207
9185 4881 2152
2152 4881 9185
4747 4881 4880
4747 4880 502
4747 502 4749
4749 502 4747
4749 6593 502
9027 6593 1103
1103 6593 9027
1103 6594 6593
1103 6595 6594
4750 6595 1103
4750 6596 6595
4750 504 4752
4752 504 4750
4752 4754 504
4752 4753 2155
2155 4753 4752
2155 9030 9029
9029 9030 2155
9029 6956 503
503 6956 6957
503 6957 6956
503 5356 5354
5354 5356 503
5355 5356 5354
5355 2401 9758
5355 9758 2401
9757 9758 5355
9757 2400 9756
9757 9756 9023
9023 9756 8
8 9756 9023
</Vertices>
                <Weights>0.67 0.33 0
0.67 0.33 0
0.67 0.33 0
0.67 0.33 0
0.67 0.33 0
0.67 0.33 0
0.67 0.33 0
0.67 0.33 0
0.67 0.33 0
0.67 0.33 0
0.67 0.33 0
0.67 0.33 0
0.67 0.33 0
0.67 0.33 0
0.67 0.33 0
0.67 0.33 0
0.67 0.33 0
0.67 0.33 0
0.67 0.33 0
0.67 0.33 0
0.67 0.33 0
0.67 0.33 0
0.67 0.33 0
0.67 0.33 0
0.67 0.33 0
0.67 0.33 0
0.67 0.33 0
0.67 0.33 0
0.67 0.33 0
0.67 0.33 0
0.67 0.33 0
0.67 0.33 0
0.67 0.33 0
0.67 0.33 0
0.67 0.33 0
0.67 0.33 0
0.67 0.33 0
0.67 0.33 0
0.67 0.33 0
0.67 0.33 0
0.67 0.33 0
0.67 0.33 0
0.67 0.33 0
</Weights>
            </BorderPart>
            <BorderPart Closed="True">
                <Vertices>9034 1104 9033
9034 9033 4756
9034 4756 2157
9034 2157 4756
9034 9035 2157
9034 6596 1104
</Vertices>
                <Weights>0.67 0.33 0
0.67 0.33 0
0.67 0.33 0
0.67 0.33 0
0.67 0.33 0
0.67 0.33 0
</Weights>
            </BorderPart>
        </Border>
        <Border Name="vogt16" Red="1" Green="1" Blue="1">
            <BorderPart Closed="True">
                <Vertices>113 3226 3224
113 3224 3226
9032 3224 9031
9032 9031 2156
9032 2156 9031
9040 2156 9039
9040 9039 4761
4761 9039 2158
4761 2158 4760
4760 2158 4759
4760 4759 4758
4758 4759 1106
4758 1106 4759
6600 1106 6599
6600 6599 3026
6600 3026 1107
6600 1107 3026
6601 1107 6600
6601 6603 1107
6602 6603 6601
6602 1108 9045
9045 1108 6602
4766 1108 4765
4766 4765 1108
4767 4765 506
4767 506 4765
4767 4769 506
4768 4769 4767
2162 4769 4768
2162 9075 4769
9076 9075 4791
9076 4791 2171
9076 2171 4791
9077 2171 9076
9077 9078 2171
8438 9078 9077
8438 1946 8440
8440 1946 8438
8440 4275 1946
8441 4275 1948
8441 1948 4275
8442 1948 8441
8444 1948 8443
8444 8443 4278
4278 8443 945
4278 945 4277
4278 4277 945
4279 4277 424
4279 424 4277
4279 4281 424
4279 4280 1949
1949 4280 4279
1949 8446 8445
8445 8446 1949
8445 6970 423
423 6970 6971
6971 6970 423
6971 6972 6970
1313 6972 6971
1313 6973 6972
1313 5380 5381
5381 5380 1313
5381 5382 5380
2411 5382 5381
2411 5383 5382
2411 9790 9789
9789 9790 2411
9789 3831 316
316 3831 3829
316 3829 3827
3827 3829 316
3827 3828 795
795 3828 3827
7855 3828 795
7855 7856 3828
7855 1720 3826
3826 1720 3825
3825 1720 7853
3825 7853 1720
7852 7853 3825
7852 1719 7851
7852 7851 7850
7850 7851 113
113 7851 7850
</Vertices>
                <Weights>0.67 0.33 0
0.67 0.33 0
0.67 0.33 0
0.67 0.33 0
0.67 0.33 0
0.67 0.33 0
0.67 0.33 0
0.67 0.33 0
0.67 0.33 0
0.67 0.33 0
0.67 0.33 0
0.67 0.33 0
0.67 0.33 0
0.67 0.33 0
0.67 0.33 0
0.67 0.33 0
0.67 0.33 0
0.67 0.33 0
0.67 0.33 0
0.67 0.33 0
0.67 0.33 0
0.67 0.33 0
0.67 0.33 0
0.67 0.33 0
0.67 0.33 0
0.67 0.33 0
0.67 0.33 0
0.67 0.33 0
0.67 0.33 0
0.67 0.33 0
0.67 0.33 0
0.67 0.33 0
0.67 0.33 0
0.67 0.33 0
0.67 0.33 0
0.67 0.33 0
0.67 0.33 0
0.67 0.33 0
0.67 0.33 0
0.67 0.33 0
0.67 0.33 0
0.67 0.33 0
0.67 0.33 0
0.67 0.33 0
0.67 0.33 0
0.67 0.33 0
0.67 0.33 0
0.67 0.33 0
0.67 0.33 0
0.67 0.33 0
0.67 0.33 0
0.67 0.33 0
0.67 0.33 0
0.67 0.33 0
0.67 0.33 0
0.67 0.33 0
0.67 0.33 0
0.67 0.33 0
0.67 0.33 0
0.67 0.33 0
0.67 0.33 0
0.67 0.33 0
0.67 0.33 0
0.67 0.33 0
0.67 0.33 0
0.67 0.33 0
0.67 0.33 0
0.67 0.33 0
0.67 0.33 0
0.67 0.33 0
0.67 0.33 0
0.67 0.33 0
0.67 0.33 0
0.67 0.33 0
0.67 0.33 0
0.67 0.33 0
0.67 0.33 0
0.67 0.33 0
0.67 0.33 0
0.67 0.33 0
0.67 0.33 0
0.67 0.33 0
0.67 0.33 0
0.67 0.33 0
</Weights>
            </BorderPart>
        </Border>
        <Border Name="vogt17" Red="1" Green="1" Blue="1">
            <BorderPart Closed="True">
                <Vertices>502 4749 4747
502 4747 4749
4880 4747 502
4881 4747 4880
4881 2152 9185
4881 9185 2152
4881 9184 2207
4881 2207 4880
4880 2207 4879
4880 4879 4878
4880 4878 502
502 4878 4880
502 6592 6593
6593 6592 502
6593 6594 6592
6593 1103 9027
6593 9027 1103
6593 4749 502
</Vertices>
                <Weights>0.67 0.33 0
0.67 0.33 0
0.67 0.33 0
0.67 0.33 0
0.67 0.33 0
0.67 0.33 0
0.67 0.33 0
0.67 0.33 0
0.67 0.33 0
0.67 0.33 0
0.67 0.33 0
0.67 0.33 0
0.67 0.33 0
0.67 0.33 0
0.67 0.33 0
0.67 0.33 0
0.67 0.33 0
0.67 0.33 0
</Weights>
            </BorderPart>
            <BorderPart Closed="True">
                <Vertices>1104 3023 6595
6595 3023 1104
6595 6594 3023
6595 1103 6594
6595 4750 1103
6596 4750 6595
6596 504 4750
6596 9035 9034
6596 9034 1104
1104 9034 9033
9033 9034 4756
9033 4756 1598
9033 1598 7568
9033 7568 1598
9033 3024 7568
1104 3024 3023
</Vertices>
                <Weights>0.67 0.33 0
0.67 0.33 0
0.67 0.33 0
0.67 0.33 0
0.67 0.33 0
0.67 0.33 0
0.67 0.33 0
0.67 0.33 0
0.67 0.33 0
0.67 0.33 0
0.67 0.33 0
0.67 0.33 0
0.67 0.33 0
0.67 0.33 0
0.67 0.33 0
0.67 0.33 0
</Weights>
            </BorderPart>
        </Border>
        <Border Name="vogt18" Red="1" Green="1" Blue="1">
            <BorderPart Closed="True">
                <Vertices>504 4752 4750
504 4750 4752
504 6596 4750
9035 6596 9034
9035 9034 2157
2157 9034 4756
4756 9034 2157
4756 9033 1598
4756 1598 4755
4756 4755 1598
4757 4755 248
4757 248 4755
6598 248 6597
6598 6597 248
6598 6599 6597
1106 6599 6598
1106 6600 6599
1106 4758 4759
4759 4758 1106
4759 4760 4758
2158 4760 4759
2158 4761 4760
9039 4761 2158
9039 9040 4761
2156 9040 9039
2156 9032 9031
9031 9032 2156
9031 3224 1304
9031 1304 9030
9031 9030 4753
4753 9030 2155
4753 2155 4752
4753 4752 2155
4754 4752 504
</Vertices>
                <Weights>0.67 0.33 0
0.67 0.33 0
0.67 0.33 0
0.67 0.33 0
0.67 0.33 0
0.67 0.33 0
0.67 0.33 0
0.67 0.33 0
0.67 0.33 0
0.67 0.33 0
0.67 0.33 0
0.67 0.33 0
0.67 0.33 0
0.67 0.33 0
0.67 0.33 0
0.67 0.33 0
0.67 0.33 0
0.67 0.33 0
0.67 0.33 0
0.67 0.33 0
0.67 0.33 0
0.67 0.33 0
0.67 0.33 0
0.67 0.33 0
0.67 0.33 0
0.67 0.33 0
0.67 0.33 0
0.67 0.33 0
0.67 0.33 0
0.67 0.33 0
0.67 0.33 0
0.67 0.33 0
0.67 0.33 0
0.67 0.33 0
</Weights>
            </BorderPart>
            <BorderPart Closed="True">
                <Vertices>1107 6600 3026
1107 3026 6600
1107 3027 3026
1107 3028 3027
6603 3028 1107
6603 6604 3028
6603 1108 6602
6603 6602 6601
6603 6601 1107
1107 6601 6600
</Vertices>
                <Weights>0.67 0.33 0
0.67 0.33 0
0.67 0.33 0
0.67 0.33 0
0.67 0.33 0
0.67 0.33 0
0.67 0.33 0
0.67 0.33 0
0.67 0.33 0
0.67 0.33 0
</Weights>
            </BorderPart>
        </Border>
        <Border Name="vogt19" Red="0.47451" Green="0.364706" Blue="0.356863">
            <BorderPart Closed="True">
                <Vertices>1108 9045 6602
1108 6602 9045
1108 6603 6602
1108 6604 6603
1108 4765 4766
1108 4766 4765
</Vertices>
                <Weights>0.67 0.33 0
0.67 0.33 0
0.67 0.33 0
0.67 0.33 0
0.67 0.33 0
0.67 0.33 0
</Weights>
            </BorderPart>
            <BorderPart Closed="True">
                <Vertices>1946 8440 8438
1946 8438 8440
9078 8438 9077
9078 9077 2171
2171 9077 9076
2171 9076 4791
2171 4791 9076
2171 4792 4791
2171 4793 4792
9078 4793 2171
9078 9079 4793
1946 9079 9078
1946 4274 4275
4275 4274 1946
4276 4274 422
4276 422 4274
4276 6309 422
4276 8443 6309
1948 8443 4276
1948 8444 8443
1948 8442 8441
1948 8441 4275
4275 8441 1948
4275 8440 1946
</Vertices>
                <Weights>0.67 0.33 0
0.67 0.33 0
0.67 0.33 0
0.67 0.33 0
0.67 0.33 0
0.67 0.33 0
0.67 0.33 0
0.67 0.33 0
0.67 0.33 0
0.67 0.33 0
0.67 0.33 0
0.67 0.33 0
0.67 0.33 0
0.67 0.33 0
0.67 0.33 0
0.67 0.33 0
0.67 0.33 0
0.67 0.33 0
0.67 0.33 0
0.67 0.33 0
0.67 0.33 0
0.67 0.33 0
0.67 0.33 0
0.67 0.33 0
</Weights>
            </BorderPart>
            <BorderPart Closed="True">
                <Vertices>4769 506 4767
4769 4767 506
4769 4768 4767
4769 2162 4768
9075 2162 4769
9075 9076 4791
9075 4791 2170
9075 2170 9074
9075 9074 2170
4769 9074 506
</Vertices>
                <Weights>0.67 0.33 0
0.67 0.33 0
0.67 0.33 0
0.67 0.33 0
0.67 0.33 0
0.67 0.33 0
0.67 0.33 0
0.67 0.33 0
0.67 0.33 0
0.67 0.33 0
</Weights>
            </BorderPart>
        </Border>
        <Border Name="vogt20" Red="0.596078" Green="0.564706" Blue="0.439216">
            <BorderPart Closed="True">
                <Vertices>424 4279 4277
4277 4279 424
4277 4278 945
945 4278 4277
8443 4278 945
8443 8444 4278
8443 1948 4276
8443 4276 6309
8443 6309 945
945 6309 8443
945 6310 6309
945 6311 6310
4277 6311 945
4277 6312 6311
424 6312 4277
424 8451 6312
424 8454 8451
424 4281 4279
</Vertices>
                <Weights>0.67 0.33 0
0.67 0.33 0
0.67 0.33 0
0.67 0.33 0
0.67 0.33 0
0.67 0.33 0
0.67 0.33 0
0.67 0.33 0
0.67 0.33 0
0.67 0.33 0
0.67 0.33 0
0.67 0.33 0
0.67 0.33 0
0.67 0.33 0
0.67 0.33 0
0.67 0.33 0
0.67 0.33 0
0.67 0.33 0
</Weights>
            </BorderPart>
        </Border>
        <Border Name="vogt21" Red="0.254902" Green="0.0431373" Blue="0.0823529">
            <BorderPart Closed="True">
                <Vertices>1146 6670 9181
9181 6670 1146
9181 4877 6670
9181 2206 4877
9182 2206 9181
9182 9180 2206
9183 9180 9182
9183 197 9180
9183 5827 197
9183 9184 2207
2207 9184 9183
2207 4881 4880
2207 4880 4879
4879 4880 4878
4878 4880 502
4878 502 4880
6592 502 6593
6592 6593 502
6594 6593 6592
6594 1103 6593
6594 6595 3023
3023 6595 1104
3023 1104 6595
3024 1104 3023
3024 9033 7568
3024 7568 112
3024 112 3022
3022 112 3024
3065 112 3063
3063 112 3065
3063 7567 7629
3063 7629 1143
3063 1143 3064
3063 3064 1143
3065 3064 3063
3065 1145 3064
3066 1145 3065
3066 6671 1145
6672 6671 3066
1146 6671 6670
</Vertices>
                <Weights>0.67 0.33 0
0.67 0.33 0
0.67 0.33 0
0.67 0.33 0
0.67 0.33 0
0.67 0.33 0
0.67 0.33 0
0.67 0.33 0
0.67 0.33 0
0.67 0.33 0
0.67 0.33 0
0.67 0.33 0
0.67 0.33 0
0.67 0.33 0
0.67 0.33 0
0.67 0.33 0
0.67 0.33 0
0.67 0.33 0
0.67 0.33 0
0.67 0.33 0
0.67 0.33 0
0.67 0.33 0
0.67 0.33 0
0.67 0.33 0
0.67 0.33 0
0.67 0.33 0
0.67 0.33 0
0.67 0.33 0
0.67 0.33 0
0.67 0.33 0
0.67 0.33 0
0.67 0.33 0
0.67 0.33 0
0.67 0.33 0
0.67 0.33 0
0.67 0.33 0
0.67 0.33 0
0.67 0.33 0
0.67 0.33 0
0.67 0.33 0
</Weights>
            </BorderPart>
        </Border>
        <Border Name="vogt22" Red="0.494118" Green="0.14902" Blue="0.294118">
            <BorderPart Closed="True">
                <Vertices>4765 506 4767
4765 4767 506
4765 4766 1108
4765 1108 4766
6604 1108 6603
6604 6603 3028
6604 3028 1109
6604 1109 3028
6604 6605 1109
4765 6605 6604
</Vertices>
                <Weights>0.67 0.33 0
0.67 0.33 0
0.67 0.33 0
0.67 0.33 0
0.67 0.33 0
0.67 0.33 0
0.67 0.33 0
0.67 0.33 0
0.67 0.33 0
0.67 0.33 0
</Weights>
            </BorderPart>
            <BorderPart Closed="True">
                <Vertices>6599 1105 6597
6599 6597 1105
6599 6598 6597
6599 1106 6598
6599 6600 3026
6599 3026 1105
</Vertices>
                <Weights>0.67 0.33 0
0.67 0.33 0
0.67 0.33 0
0.67 0.33 0
0.67 0.33 0
0.67 0.33 0
</Weights>
            </BorderPart>
        </Border>
        <Border Name="vogt23" Red="0.47451" Green="0.364706" Blue="0.356863">
            <BorderPart Closed="True">
                <Vertices>4274 422 4276
4274 4276 422
4274 4275 1946
4274 1946 4275
9079 1946 9078
9079 9078 4793
4793 9078 2171
4793 2171 4792
4793 4792 2171
4793 4794 4792
4793 2172 9079
9079 2172 4793
9079 9080 2172
4274 9080 9079
</Vertices>
                <Weights>0.67 0.33 0
0.67 0.33 0
0.67 0.33 0
0.67 0.33 0
0.67 0.33 0
0.67 0.33 0
0.67 0.33 0
0.67 0.33 0
0.67 0.33 0
0.67 0.33 0
0.67 0.33 0
0.67 0.33 0
0.67 0.33 0
0.67 0.33 0
</Weights>
            </BorderPart>
            <BorderPart Closed="True">
                <Vertices>4791 2170 4790
4791 4790 2170
4791 4792 4790
4791 2171 9076
4791 9076 2171
4791 9075 2170
</Vertices>
                <Weights>0.67 0.33 0
0.67 0.33 0
0.67 0.33 0
0.67 0.33 0
0.67 0.33 0
0.67 0.33 0
</Weights>
            </BorderPart>
            <BorderPart Closed="True">
                <Vertices>6309 422 6308
6309 6308 422
6309 6310 6308
6309 945 8443
6309 8443 945
6309 4276 422
</Vertices>
                <Weights>0.67 0.33 0
0.67 0.33 0
0.67 0.33 0
0.67 0.33 0
0.67 0.33 0
0.67 0.33 0
</Weights>
            </BorderPart>
        </Border>
        <Border Name="vogt24" Red="0.596078" Green="0.564706" Blue="0.439216">
            <BorderPart Closed="True">
                <Vertices>2865 944 2864
2865 2864 944
2866 2864 74
2866 74 2864
7347 74 7346
7347 7346 74
7348 7346 1502
7348 1502 7346
7348 3465 1502
7348 7349 3465
7348 1503 7347
7347 1503 8449
8449 1503 7347
8449 4283 1503
8450 4283 1951
8450 1951 4283
8451 1951 8450
8451 8453 1951
8451 8454 8453
8451 424 6312
6312 424 4277
6312 4277 6311
6311 4277 945
6311 945 6310
6310 945 6309
6310 6309 6308
6310 6308 944
6310 944 6308
</Vertices>
                <Weights>0.67 0.33 0
0.67 0.33 0
0.67 0.33 0
0.67 0.33 0
0.67 0.33 0
0.67 0.33 0
0.67 0.33 0
0.67 0.33 0
0.67 0.33 0
0.67 0.33 0
0.67 0.33 0
0.67 0.33 0
0.67 0.33 0
0.67 0.33 0
0.67 0.33 0
0.67 0.33 0
0.67 0.33 0
0.67 0.33 0
0.67 0.33 0
0.67 0.33 0
0.67 0.33 0
0.67 0.33 0
0.67 0.33 0
0.67 0.33 0
0.67 0.33 0
0.67 0.33 0
0.67 0.33 0
0.67 0.33 0
</Weights>
            </BorderPart>
        </Border>
        <Border Name="vogt25" Red="0.313726" Green="0.0431373" Blue="0.137255">
            <BorderPart Closed="True">
                <Vertices>112 3024 3022
112 3022 3024
112 3065 3063
112 3063 3065
7567 3063 7629
7567 7629 1597
1597 7629 3666
1597 3666 7629
3622 3666 3665
3622 3665 247
3622 247 3624
3624 247 3622
5918 247 5917
5918 5917 247
5918 5919 5917
728 5919 5918
728 5920 5919
728 3625 3626
3626 3625 728
3627 3625 249
3627 249 3625
3627 3629 249
3628 3629 3627
3628 1601 7576
3628 7576 1601
7575 7576 3628
7575 1105 6597
7575 6597 7574
7574 6597 248
248 6597 6598
248 6598 6597
248 4757 4755
4755 4757 248
4755 4756 1598
1598 4756 4755
1598 9033 7568
7568 9033 1598
7568 3024 112
</Vertices>
                <Weights>0.67 0.33 0
0.67 0.33 0
0.67 0.33 0
0.67 0.33 0
0.67 0.33 0
0.67 0.33 0
0.67 0.33 0
0.67 0.33 0
0.67 0.33 0
0.67 0.33 0
0.67 0.33 0
0.67 0.33 0
0.67 0.33 0
0.67 0.33 0
0.67 0.33 0
0.67 0.33 0
0.67 0.33 0
0.67 0.33 0
0.67 0.33 0
0.67 0.33 0
0.67 0.33 0
0.67 0.33 0
0.67 0.33 0
0.67 0.33 0
0.67 0.33 0
0.67 0.33 0
0.67 0.33 0
0.67 0.33 0
0.67 0.33 0
0.67 0.33 0
0.67 0.33 0
0.67 0.33 0
0.67 0.33 0
0.67 0.33 0
0.67 0.33 0
0.67 0.33 0
0.67 0.33 0
0.67 0.33 0
</Weights>
            </BorderPart>
        </Border>
        <Border Name="vogt26" Red="0.494118" Green="0.14902" Blue="0.294118">
            <BorderPart Closed="True">
                <Vertices>506 4767 4765
506 4765 4767
6605 4765 6604
6605 6604 1109
6605 1109 6604
6605 9070 1109
6605 9071 9070
506 9071 6605
506 9074 9071
506 4769 4767
</Vertices>
                <Weights>0.67 0.33 0
0.67 0.33 0
0.67 0.33 0
0.67 0.33 0
0.67 0.33 0
0.67 0.33 0
0.67 0.33 0
0.67 0.33 0
0.67 0.33 0
0.67 0.33 0
</Weights>
            </BorderPart>
            <BorderPart Closed="True">
                <Vertices>3026 1105 3025
3026 3025 1105
3026 3027 3025
3026 1107 6600
3026 6600 1107
3026 6599 1105
</Vertices>
                <Weights>0.67 0.33 0
0.67 0.33 0
0.67 0.33 0
0.67 0.33 0
0.67 0.33 0
0.67 0.33 0
</Weights>
            </BorderPart>
            <BorderPart Closed="True">
                <Vertices>3028 1107 3027
3028 3027 1107
3028 3029 3027
3028 1109 6604
3028 6604 1109
3028 6603 1107
</Vertices>
                <Weights>0.67 0.33 0
0.67 0.33 0
0.67 0.33 0
0.67 0.33 0
0.67 0.33 0
0.67 0.33 0
</Weights>
            </BorderPart>
        </Border>
        <Border Name="vogt27" Red="0.686275" Green="0.486275" Blue="0.490196">
            <BorderPart Closed="True">
                <Vertices>2172 9079 4793
2172 4793 9079
2172 4794 4793
2172 9081 4794
2172 9082 9081
9080 9082 2172
9080 9083 9082
9080 422 4274
9080 4274 9079
9080 9079 2172
</Vertices>
                <Weights>0.67 0.33 0
0.67 0.33 0
0.67 0.33 0
0.67 0.33 0
0.67 0.33 0
0.67 0.33 0
0.67 0.33 0
0.67 0.33 0
0.67 0.33 0
0.67 0.33 0
</Weights>
            </BorderPart>
            <BorderPart Closed="True">
                <Vertices>4792 509 4790
4792 4790 509
4792 4791 4790
4792 2171 4791
4792 4793 2171
4792 4794 509
</Vertices>
                <Weights>0.67 0.33 0
0.67 0.33 0
0.67 0.33 0
0.67 0.33 0
0.67 0.33 0
0.67 0.33 0
</Weights>
            </BorderPart>
            <BorderPart Closed="True">
                <Vertices>9074 506 9071
9074 9071 9073
9074 9073 2170
9074 2170 9073
9074 9075 2170
9074 4769 506
</Vertices>
                <Weights>0.67 0.33 0
0.67 0.33 0
0.67 0.33 0
0.67 0.33 0
0.67 0.33 0
0.67 0.33 0
</Weights>
            </BorderPart>
        </Border>
        <Border Name="vogt28" Red="0.466667" Green="0.603922" Blue="0.262745">
            <BorderPart Closed="True">
                <Vertices>74 2866 2864
2864 2866 74
2864 2865 944
944 2865 2864
944 6310 6308
6308 6310 944
6308 6309 422
422 6309 6308
422 4276 4274
422 4274 4276
422 9080 4274
422 9083 9080
6308 9083 422
6308 9084 9083
944 9084 6308
944 9085 9084
2864 9085 944
2864 9086 9085
74 9086 2864
74 9095 9086
7346 9095 74
7346 9096 9095
1502 9096 7346
1502 9097 9096
1502 3464 3465
1502 3465 3464
1502 7348 7346
7346 7348 1502
7346 7347 74
74 7347 7346
</Vertices>
                <Weights>0.67 0.33 0
0.67 0.33 0
0.67 0.33 0
0.67 0.33 0
0.67 0.33 0
0.67 0.33 0
0.67 0.33 0
0.67 0.33 0
0.67 0.33 0
0.67 0.33 0
0.67 0.33 0
0.67 0.33 0
0.67 0.33 0
0.67 0.33 0
0.67 0.33 0
0.67 0.33 0
0.67 0.33 0
0.67 0.33 0
0.67 0.33 0
0.67 0.33 0
0.67 0.33 0
0.67 0.33 0
0.67 0.33 0
0.67 0.33 0
0.67 0.33 0
0.67 0.33 0
0.67 0.33 0
0.67 0.33 0
0.67 0.33 0
0.67 0.33 0
</Weights>
            </BorderPart>
            <BorderPart Closed="True">
                <Vertices>1503 8449 7347
1503 7347 8449
1503 7348 7347
1503 7349 7348
1503 4282 4283
4283 4282 1503
4283 4284 4282
1951 4284 4283
1951 8452 4284
1951 8453 8452
1951 8451 8450
1951 8450 4283
4283 8450 1951
4283 8449 1503
</Vertices>
                <Weights>0.67 0.33 0
0.67 0.33 0
0.67 0.33 0
0.67 0.33 0
0.67 0.33 0
0.67 0.33 0
0.67 0.33 0
0.67 0.33 0
0.67 0.33 0
0.67 0.33 0
0.67 0.33 0
0.67 0.33 0
0.67 0.33 0
0.67 0.33 0
</Weights>
            </BorderPart>
        </Border>
        <Border Name="vogt30" Red="0.454902" Green="0.160784" Blue="0.25098">
            <BorderPart Closed="True">
