<?xml version="1.0" encoding="UTF-8"?>
<BorderFile Version="3" Structure="CORTEX_RIGHT" SurfaceNumberOfVertices="10242">
    <MetaData>
        <MD>
            <Name>ParentProvenance</Name>
            <Value>../02_data/Final/maps/Surface/Freesurfer_fsaverage/fsaverage5/gii/parcellation/nieuwenhuys_parcellation_on_fsaverage5_rh_glasser_colormap.label.gii:
/local_raid1/01_software/workbench/bin_linux64/../exe_linux64/wb_command -metric-label-import /local_raid1/03_user/seokjun/01_project/08_Vogt_Vogt_mapping/02_data/Final/maps/Surface/Freesurfer_fsaverage/fsaverage5/gii/parcellation/nieuwenhuys_parcellation_on_fsaverage5_rh.gii /local_raid1/03_user/seokjun/01_project/08_Vogt_Vogt_mapping/01_analysis//label_vogt_vogt_glasser_colormap.txt /local_raid1/03_user/seokjun/01_project/08_Vogt_Vogt_mapping/02_data/Final/maps/Surface/Freesurfer_fsaverage/fsaverage5/gii/parcellation/nieuwenhuys_parcellation_on_fsaverage5_rh_glasser_colormap.label.gii -drop-unused-labels

</Value>
        </MD>
        <MD>
            <Name>ProgramProvenance</Name>
            <Value>Connectome Workbench
Type: Command Line Application
Version: 1.4.2
Qt Compiled Version: 5.7.0
Qt Runtime Version: 5.7.0
Commit: 092b7f2f7dfab0f9ea7cbb6c1db2e5dffd2c1045
Commit Date: 2020-01-07 17:24:23 -0600
Compiled with OpenMP: YES
Compiler: g++ (/home/caret/gcc/install/gcc-4.8.5/bin)
Compiler Version: 4.8.5
Compiled Debug: NO
Operating System: Linux
</Value>
        </MD>
        <MD>
            <Name>Provenance</Name>
            <Value>/local_raid1/01_software/workbench/bin_linux64/../exe_linux64/wb_command -label-to-border ../02_data/Final/cortical_surface/fsaverage5/rh.pial.surf.gii ../02_data/Final/maps/Surface/Freesurfer_fsaverage/fsaverage5/gii/parcellation/nieuwenhuys_parcellation_on_fsaverage5_rh_glasser_colormap.label.gii ../02_data/Final/maps/Surface/Freesurfer_fsaverage/fsaverage5/gii/parcellation/nieuwenhuys_parcellation_on_fsaverage5_rh_glasser_colormap.border</Value>
        </MD>
        <MD>
            <Name>WorkingDirectory</Name>
            <Value>/local_raid1/03_user/seokjun/01_project/08_Vogt_Vogt_mapping/01_analysis</Value>
        </MD>
    </MetaData>
    <Class Name="#1" Red="0" Green="0" Blue="0">
        <Border Name="vogt1" Red="0.0784314" Green="0.0196078" Blue="0">
            <BorderPart Closed="True">
                <Vertices>121 3078 3080
3080 3078 121
3080 3079 3078
1160 3079 6695
1160 6695 3079
6696 6695 1160
6696 4916 6695
6696 526 4916
6696 6697 526
6698 6697 6696
1161 6697 9234
1161 9234 6697
1161 4924 4923
4923 4924 1161
4923 4925 527
527 4925 4923
527 4927 4925
527 4929 4927
6701 4929 527
6701 9243 1163
1163 9243 6701
1163 4931 4930
4930 4931 1163
4930 4932 528
528 4932 4930
528 4934 4932
9254 4934 528
9254 9255 2230
2230 9255 9254
2230 4941 4940
2230 4940 4939
4939 4940 4938
4938 4940 529
4938 529 4940
4938 6709 6708
6708 6709 1167
6708 1167 3086
3086 1167 6708
3086 3087 3085
3086 3085 1165
1165 3085 3086
1165 7660 7659
1165 7659 6705
1165 6705 6707
6707 6705 1165
6707 6706 6705
1166 6706 9252
9252 6706 1166
9252 4937 6706
2229 4937 4936
2229 4936 9250
9250 4936 2229
9250 9249 4936
1164 9249 3084
3084 9249 7652
3084 7652 121
121 7652 7651
121 7651 3078
</Vertices>
                <Weights>0.67 0.33 0
0.67 0.33 0
0.67 0.33 0
0.67 0.33 0
0.67 0.33 0
0.67 0.33 0
0.67 0.33 0
0.67 0.33 0
0.67 0.33 0
0.67 0.33 0
0.67 0.33 0
0.67 0.33 0
0.67 0.33 0
0.67 0.33 0
0.67 0.33 0
0.67 0.33 0
0.67 0.33 0
0.67 0.33 0
0.67 0.33 0
0.67 0.33 0
0.67 0.33 0
0.67 0.33 0
0.67 0.33 0
0.67 0.33 0
0.67 0.33 0
0.67 0.33 0
0.67 0.33 0
0.67 0.33 0
0.67 0.33 0
0.67 0.33 0
0.67 0.33 0
0.67 0.33 0
0.67 0.33 0
0.67 0.33 0
0.67 0.33 0
0.67 0.33 0
0.67 0.33 0
0.67 0.33 0
0.67 0.33 0
0.67 0.33 0
0.67 0.33 0
0.67 0.33 0
0.67 0.33 0
0.67 0.33 0
0.67 0.33 0
0.67 0.33 0
0.67 0.33 0
0.67 0.33 0
0.67 0.33 0
0.67 0.33 0
0.67 0.33 0
0.67 0.33 0
0.67 0.33 0
0.67 0.33 0
0.67 0.33 0
0.67 0.33 0
0.67 0.33 0
0.67 0.33 0
</Weights>
            </BorderPart>
        </Border>
        <Border Name="vogt2" Red="0.364706" Green="0.129412" Blue="0.203922">
            <BorderPart Closed="True">
                <Vertices>526 4918 4916
526 4916 4918
526 6696 4916
6697 6696 526
6697 6698 6696
6697 1161 9234
9234 1161 6697
9234 4924 1161
9234 9235 4924
9234 2223 4922
4922 2223 4921
4921 2223 9232
4921 9232 2223
4921 9231 2222
4921 2222 4920
4920 2222 4919
4920 4919 4918
4920 4918 526
</Vertices>
                <Weights>0.67 0.33 0
0.67 0.33 0
0.67 0.33 0
0.67 0.33 0
0.67 0.33 0
0.67 0.33 0
0.67 0.33 0
0.67 0.33 0
0.67 0.33 0
0.67 0.33 0
0.67 0.33 0
0.67 0.33 0
0.67 0.33 0
0.67 0.33 0
0.67 0.33 0
0.67 0.33 0
0.67 0.33 0
0.67 0.33 0
</Weights>
            </BorderPart>
        </Border>
        <Border Name="vogt3" Red="0.364706" Green="0.129412" Blue="0.203922">
            <BorderPart Closed="True">
                <Vertices>2223 9232 4921
2223 4921 9232
2223 4922 4921
2223 9234 4922
9235 9234 4924
4924 9234 1161
4924 1161 4923
4924 4923 1161
4925 4923 527
4925 527 4923
4927 527 4925
4929 527 4927
4929 6701 527
4929 9243 6701
2226 9243 4929
2226 9244 9243
2226 9242 9241
2226 9241 4928
4928 9241 2226
4928 9240 2225
2225 9240 9239
2225 9239 9238
2225 9238 4926
4926 9238 2225
4926 9237 2224
2224 9237 9236
9236 9237 2224
9236 4904 524
9236 524 9233
9233 524 6686
9233 6686 9232
9233 9232 2223
</Vertices>
                <Weights>0.67 0.33 0
0.67 0.33 0
0.67 0.33 0
0.67 0.33 0
0.67 0.33 0
0.67 0.33 0
0.67 0.33 0
0.67 0.33 0
0.67 0.33 0
0.67 0.33 0
0.67 0.33 0
0.67 0.33 0
0.67 0.33 0
0.67 0.33 0
0.67 0.33 0
0.67 0.33 0
0.67 0.33 0
0.67 0.33 0
0.67 0.33 0
0.67 0.33 0
0.67 0.33 0
0.67 0.33 0
0.67 0.33 0
0.67 0.33 0
0.67 0.33 0
0.67 0.33 0
0.67 0.33 0
0.67 0.33 0
0.67 0.33 0
0.67 0.33 0
0.67 0.33 0
0.67 0.33 0
</Weights>
            </BorderPart>
        </Border>
        <Border Name="vogt4" Red="0.207843" Green="0.145098" Blue="0.156863">
            <BorderPart Closed="True">
                <Vertices>122 3109 3107
3107 3109 122
3107 3108 1187
3107 1187 3108
3107 7691 1187
7692 7691 1650
7692 1650 7691
9247 1650 9246
9247 9246 4933
4933 9246 2227
4933 2227 4932
4932 2227 4931
4931 2227 9244
4931 9244 2227
9243 9244 4931
9243 2226 4929
9243 4929 6701
9243 6701 1163
9243 1163 6701
4931 1163 4930
4931 4930 1163
4932 4930 528
4932 528 4930
4934 528 4932
4934 9254 528
9255 9254 2230
9255 2230 9254
4941 2230 4940
4940 2230 4939
4940 4939 4938
4940 4938 529
4940 529 4938
4942 529 4940
4944 529 4942
4944 6710 529
4944 9261 6710
2232 9261 4944
2232 9262 9261
9260 9262 2232
9263 9262 2233
9263 2233 9262
9263 9264 2233
9263 5016 530
9263 530 9260
9260 530 6753
9260 6753 9259
9259 6753 1191
1191 6753 6752
1191 6752 3110
1191 3110 6752
3111 3110 3109
3111 3109 122
</Vertices>
                <Weights>0.67 0.33 0
0.67 0.33 0
0.67 0.33 0
0.67 0.33 0
0.67 0.33 0
0.67 0.33 0
0.67 0.33 0
0.67 0.33 0
0.67 0.33 0
0.67 0.33 0
0.67 0.33 0
0.67 0.33 0
0.67 0.33 0
0.67 0.33 0
0.67 0.33 0
0.67 0.33 0
0.67 0.33 0
0.67 0.33 0
0.67 0.33 0
0.67 0.33 0
0.67 0.33 0
0.67 0.33 0
0.67 0.33 0
0.67 0.33 0
0.67 0.33 0
0.67 0.33 0
0.67 0.33 0
0.67 0.33 0
0.67 0.33 0
0.67 0.33 0
0.67 0.33 0
0.67 0.33 0
0.67 0.33 0
0.67 0.33 0
0.67 0.33 0
0.67 0.33 0
0.67 0.33 0
0.67 0.33 0
0.67 0.33 0
0.67 0.33 0
0.67 0.33 0
0.67 0.33 0
0.67 0.33 0
0.67 0.33 0
0.67 0.33 0
0.67 0.33 0
0.67 0.33 0
0.67 0.33 0
0.67 0.33 0
0.67 0.33 0
0.67 0.33 0
0.67 0.33 0
</Weights>
            </BorderPart>
        </Border>
        <Border Name="vogt5" Red="0.207843" Green="0.145098" Blue="0.156863">
            <BorderPart Closed="True">
                <Vertices>9 2600 2602
2602 2600 9
2602 2601 2600
2602 682 2601
9837 682 2602
9837 9838 5423
9837 5423 2181
2181 5423 5422
2181 5422 5423
9107 5422 2181
9107 9108 2182
2182 9108 9107
2182 9110 9109
9109 9110 4819
9109 4819 1126
1126 4819 4818
1126 4818 4819
6636 4818 1126
6636 6637 1127
1127 6637 6636
1127 9116 9115
9115 9116 4824
4824 9116 2185
4824 2185 9116
4824 4825 4823
4823 4825 256
256 4825 4823
256 6639 6638
256 6638 6639
256 7606 7603
7603 7606 7605
7603 7605 1613
1613 7605 7604
1613 7604 3647
1613 3647 3646
3646 3647 3645
3646 3645 1611
1611 3645 3646
1611 3688 7660
7660 3688 1611
7660 7659 3688
7660 1165 7659
3085 1165 3086
3085 3086 1165
3087 3086 3085
1167 3086 6708
1167 6708 3086
6709 6708 1167
6709 4938 6708
529 4938 4940
529 4940 4938
529 4942 4940
529 4944 4942
6710 4944 529
9261 4944 6710
9261 2232 4944
9262 2232 9261
9262 9260 2232
9262 9263 2233
2233 9263 9262
9264 9263 2233
9264 5016 9263
9264 2234 5016
9265 2234 9264
9266 2234 9348
9266 9348 2234
9266 2600 9348
</Vertices>
                <Weights>0.67 0.33 0
0.67 0.33 0
0.67 0.33 0
0.67 0.33 0
0.67 0.33 0
0.67 0.33 0
0.67 0.33 0
0.67 0.33 0
0.67 0.33 0
0.67 0.33 0
0.67 0.33 0
0.67 0.33 0
0.67 0.33 0
0.67 0.33 0
0.67 0.33 0
0.67 0.33 0
0.67 0.33 0
0.67 0.33 0
0.67 0.33 0
0.67 0.33 0
0.67 0.33 0
0.67 0.33 0
0.67 0.33 0
0.67 0.33 0
0.67 0.33 0
0.67 0.33 0
0.67 0.33 0
0.67 0.33 0
0.67 0.33 0
0.67 0.33 0
0.67 0.33 0
0.67 0.33 0
0.67 0.33 0
0.67 0.33 0
0.67 0.33 0
0.67 0.33 0
0.67 0.33 0
0.67 0.33 0
0.67 0.33 0
0.67 0.33 0
0.67 0.33 0
0.67 0.33 0
0.67 0.33 0
0.67 0.33 0
0.67 0.33 0
0.67 0.33 0
0.67 0.33 0
0.67 0.33 0
0.67 0.33 0
0.67 0.33 0
0.67 0.33 0
0.67 0.33 0
0.67 0.33 0
0.67 0.33 0
0.67 0.33 0
0.67 0.33 0
0.67 0.33 0
0.67 0.33 0
0.67 0.33 0
0.67 0.33 0
0.67 0.33 0
0.67 0.33 0
0.67 0.33 0
0.67 0.33 0
0.67 0.33 0
0.67 0.33 0
0.67 0.33 0
</Weights>
            </BorderPart>
        </Border>
        <Border Name="vogt6" Red="0.156863" Green="0.152941" Blue="0.137255">
            <BorderPart Closed="True">
                <Vertices>530 9260 6753
6753 9260 9259
6753 9259 1191
6753 1191 6752
6752 1191 3110
3110 1191 6752
3110 3111 3109
3109 3111 122
3109 122 3107
3109 3107 122
3108 3107 1187
1187 3107 3108
1187 7691 7690
1187 7690 6745
1187 6745 6747
6747 6745 1187
6747 6746 6745
6747 1188 6746
6748 1188 6747
6748 5005 1188
6749 5005 6748
540 5005 5007
540 5007 5005
540 5009 5007
540 5011 5009
6750 5011 540
9344 5011 6750
9344 2261 5011
9345 2261 9344
9345 9343 2261
9346 9343 9345
9346 200 9343
5832 200 5833
5833 200 5832
5833 3482 200
5833 7373 681
681 7373 5833
681 3484 3483
681 3483 3484
681 5835 5834
5834 5835 2601
5834 2601 680
680 2601 2600
2600 2601 680
2600 2602 9
2600 9 2602
2600 9266 9348
9348 9266 2234
2234 9266 9348
2234 9265 9264
2234 9264 5016
5016 9264 9263
5016 9263 530
530 9263 9260
</Vertices>
                <Weights>0.67 0.33 0
0.67 0.33 0
0.67 0.33 0
0.67 0.33 0
0.67 0.33 0
0.67 0.33 0
0.67 0.33 0
0.67 0.33 0
0.67 0.33 0
0.67 0.33 0
0.67 0.33 0
0.67 0.33 0
0.67 0.33 0
0.67 0.33 0
0.67 0.33 0
0.67 0.33 0
0.67 0.33 0
0.67 0.33 0
0.67 0.33 0
0.67 0.33 0
0.67 0.33 0
0.67 0.33 0
0.67 0.33 0
0.67 0.33 0
0.67 0.33 0
0.67 0.33 0
0.67 0.33 0
0.67 0.33 0
0.67 0.33 0
0.67 0.33 0
0.67 0.33 0
0.67 0.33 0
0.67 0.33 0
0.67 0.33 0
0.67 0.33 0
0.67 0.33 0
0.67 0.33 0
0.67 0.33 0
0.67 0.33 0
0.67 0.33 0
0.67 0.33 0
0.67 0.33 0
0.67 0.33 0
0.67 0.33 0
0.67 0.33 0
0.67 0.33 0
0.67 0.33 0
0.67 0.33 0
0.67 0.33 0
0.67 0.33 0
0.67 0.33 0
0.67 0.33 0
0.67 0.33 0
0.67 0.33 0
</Weights>
            </BorderPart>
        </Border>
        <Border Name="vogt8" Red="0.207843" Green="0.145098" Blue="0.156863">
            <BorderPart Closed="True">
                <Vertices>513 6997 6998
6998 6997 513
6998 6999 6997
6998 1328 9840
6998 9840 1328
5424 9840 6998
2427 9840 5424
2427 9841 9840
9839 9841 2427
9839 9842 9841
9839 202 5836
5836 202 3483
3483 202 3485
3483 3485 202
3483 3484 681
3483 681 3484
5835 681 5834
5835 5834 2601
2601 5834 680
2601 680 2600
2601 2600 680
2601 2602 2600
682 2602 2601
682 9837 2602
9838 9837 5423
5423 9837 2181
5423 2181 5422
5422 2181 5423
5422 9107 2181
9108 9107 2182
9108 2182 9107
9110 2182 9109
9110 9109 4819
9110 4819 2183
9110 2183 4819
9110 9111 2183
9108 9111 9110
513 9111 9108
</Vertices>
                <Weights>0.67 0.33 0
0.67 0.33 0
0.67 0.33 0
0.67 0.33 0
0.67 0.33 0
0.67 0.33 0
0.67 0.33 0
0.67 0.33 0
0.67 0.33 0
0.67 0.33 0
0.67 0.33 0
0.67 0.33 0
0.67 0.33 0
0.67 0.33 0
0.67 0.33 0
0.67 0.33 0
0.67 0.33 0
0.67 0.33 0
0.67 0.33 0
0.67 0.33 0
0.67 0.33 0
0.67 0.33 0
0.67 0.33 0
0.67 0.33 0
0.67 0.33 0
0.67 0.33 0
0.67 0.33 0
0.67 0.33 0
0.67 0.33 0
0.67 0.33 0
0.67 0.33 0
0.67 0.33 0
0.67 0.33 0
0.67 0.33 0
0.67 0.33 0
0.67 0.33 0
0.67 0.33 0
0.67 0.33 0
</Weights>
            </BorderPart>
        </Border>
        <Border Name="vogt9" Red="0.345098" Green="0.247059" Blue="0.290196">
            <BorderPart Closed="True">
                <Vertices>1129 4826 4827
4827 4826 1129
4827 4828 4826
2186 4828 4827
2186 4829 4828
9121 4829 2186
9121 9122 4829
2184 9122 9121
2184 9114 9113
2184 9113 4821
4821 9113 2184
4821 9112 2183
2183 9112 9111
9111 9112 2183
9111 6997 513
9111 513 9108
9111 9108 9110
9111 9110 2183
2183 9110 4819
4819 9110 2183
4819 9109 1126
4819 1126 4818
4818 1126 4819
4818 6636 1126
6637 6636 1127
6637 1127 6636
9116 1127 9115
9116 9115 4824
9116 4824 2185
2185 4824 9116
4825 4824 4823
4825 4823 256
4825 256 4823
6639 256 6638
6639 6638 256
6640 6638 1128
6640 1128 6638
6640 3049 1128
6640 6641 3049
1129 6641 6640
</Vertices>
                <Weights>0.67 0.33 0
0.67 0.33 0
0.67 0.33 0
0.67 0.33 0
0.67 0.33 0
0.67 0.33 0
0.67 0.33 0
0.67 0.33 0
0.67 0.33 0
0.67 0.33 0
0.67 0.33 0
0.67 0.33 0
0.67 0.33 0
0.67 0.33 0
0.67 0.33 0
0.67 0.33 0
0.67 0.33 0
0.67 0.33 0
0.67 0.33 0
0.67 0.33 0
0.67 0.33 0
0.67 0.33 0
0.67 0.33 0
0.67 0.33 0
0.67 0.33 0
0.67 0.33 0
0.67 0.33 0
0.67 0.33 0
0.67 0.33 0
0.67 0.33 0
0.67 0.33 0
0.67 0.33 0
0.67 0.33 0
0.67 0.33 0
0.67 0.33 0
0.67 0.33 0
0.67 0.33 0
0.67 0.33 0
0.67 0.33 0
0.67 0.33 0
</Weights>
            </BorderPart>
            <BorderPart Closed="True">
                <Vertices>7606 256 7603
7606 7603 7605
7606 7605 1614
7606 1614 7605
7606 7607 1614
7606 6638 256
</Vertices>
                <Weights>0.67 0.33 0
0.67 0.33 0
0.67 0.33 0
0.67 0.33 0
0.67 0.33 0
0.67 0.33 0
</Weights>
            </BorderPart>
        </Border>
        <Border Name="vogt10" Red="0.129412" Green="0.0392157" Blue="0.027451">
            <BorderPart Closed="True">
                <Vertices>1188 9335 6746
1188 6746 9335
1188 6747 6746
1188 6748 6747
5005 6748 1188
5005 6749 6748
5005 540 5007
5005 5007 540
5005 5006 1188
1188 5006 5005
</Vertices>
                <Weights>0.67 0.33 0
0.67 0.33 0
0.67 0.33 0
0.67 0.33 0
0.67 0.33 0
0.67 0.33 0
0.67 0.33 0
0.67 0.33 0
0.67 0.33 0
0.67 0.33 0
</Weights>
            </BorderPart>
            <BorderPart Closed="True">
                <Vertices>1649 7688 3708
1649 3708 7688
3709 3708 3707
3709 3707 276
3709 276 3707
3711 276 3709
9245 276 9242
9242 276 5970
9242 5970 9241
9242 9241 2226
9242 2226 9241
9244 2226 9243
9244 9243 4931
9244 4931 2227
2227 4931 9244
2227 4932 4931
2227 4933 4932
9246 4933 2227
9246 9247 4933
1650 9247 9246
1650 7692 7691
7691 7692 1650
7691 3107 1187
7691 1187 7690
7690 1187 6745
6745 1187 6747
6745 6747 1187
6745 6746 275
6745 275 6746
7689 275 7686
7689 7686 7688
7689 7688 1649
</Vertices>
                <Weights>0.67 0.33 0
0.67 0.33 0
0.67 0.33 0
0.67 0.33 0
0.67 0.33 0
0.67 0.33 0
0.67 0.33 0
0.67 0.33 0
0.67 0.33 0
0.67 0.33 0
0.67 0.33 0
0.67 0.33 0
0.67 0.33 0
0.67 0.33 0
0.67 0.33 0
0.67 0.33 0
0.67 0.33 0
0.67 0.33 0
0.67 0.33 0
0.67 0.33 0
0.67 0.33 0
0.67 0.33 0
0.67 0.33 0
0.67 0.33 0
0.67 0.33 0
0.67 0.33 0
0.67 0.33 0
0.67 0.33 0
0.67 0.33 0
0.67 0.33 0
0.67 0.33 0
0.67 0.33 0
</Weights>
            </BorderPart>
        </Border>
        <Border Name="vogt11" Red="1" Green="1" Blue="1">
            <BorderPart Closed="True">
                <Vertices>200 5832 5833
200 5833 5832
3482 5833 200
3482 7373 5833
3482 1514 3481
3481 1514 7371
7371 1514 3481
7371 7372 1514
7371 4328 1513
7371 1513 7370
7370 1513 7369
7370 7369 7368
7370 7368 1512
7370 1512 7368
3481 1512 3480
3480 1512 3481
9342 1512 9341
9342 9341 5010
5010 9341 2260
2260 9341 9340
2260 9340 9339
2260 9339 5008
5008 9339 2260
5008 9338 2259
5008 2259 5007
5007 2259 5006
5006 2259 9336
5006 9336 2259
9335 9336 5006
9335 2258 5004
9335 5004 6746
6746 5004 275
275 5004 5002
275 5002 5004
275 7686 5002
275 7689 7686
275 6745 6746
6746 6745 275
6746 6747 6745
6746 1188 9335
9335 1188 6746
5006 1188 5005
5006 5005 1188
5007 5005 540
5007 540 5005
5009 540 5007
5011 540 5009
5011 6750 540
5011 9344 6750
2261 9344 5011
2261 9345 9344
9343 9345 2261
9343 9346 9345
200 9346 9343
</Vertices>
                <Weights>0.67 0.33 0
0.67 0.33 0
0.67 0.33 0
0.67 0.33 0
0.67 0.33 0
0.67 0.33 0
0.67 0.33 0
0.67 0.33 0
0.67 0.33 0
0.67 0.33 0
0.67 0.33 0
0.67 0.33 0
0.67 0.33 0
0.67 0.33 0
0.67 0.33 0
0.67 0.33 0
0.67 0.33 0
0.67 0.33 0
0.67 0.33 0
0.67 0.33 0
0.67 0.33 0
0.67 0.33 0
0.67 0.33 0
0.67 0.33 0
0.67 0.33 0
0.67 0.33 0
0.67 0.33 0
0.67 0.33 0
0.67 0.33 0
0.67 0.33 0
0.67 0.33 0
0.67 0.33 0
0.67 0.33 0
0.67 0.33 0
0.67 0.33 0
0.67 0.33 0
0.67 0.33 0
0.67 0.33 0
0.67 0.33 0
0.67 0.33 0
0.67 0.33 0
0.67 0.33 0
0.67 0.33 0
0.67 0.33 0
0.67 0.33 0
0.67 0.33 0
0.67 0.33 0
0.67 0.33 0
0.67 0.33 0
0.67 0.33 0
0.67 0.33 0
0.67 0.33 0
0.67 0.33 0
0.67 0.33 0
</Weights>
            </BorderPart>
        </Border>
        <Border Name="vogt12" Red="1" Green="1" Blue="1">
            <BorderPart Closed="True">
                <Vertices>1647 9332 7683
1647 7683 9332
1647 7684 7683
1647 7685 7684
5002 7685 1647
5002 7686 7685
5002 275 5004
5004 275 5002
5004 6746 275
5004 9335 6746
5004 2258 5003
5003 2258 9333
5003 9333 2258
5003 9332 1647
</Vertices>
                <Weights>0.67 0.33 0
0.67 0.33 0
0.67 0.33 0
0.67 0.33 0
0.67 0.33 0
0.67 0.33 0
0.67 0.33 0
0.67 0.33 0
0.67 0.33 0
0.67 0.33 0
0.67 0.33 0
0.67 0.33 0
0.67 0.33 0
0.67 0.33 0
</Weights>
            </BorderPart>
        </Border>
        <Border Name="vogt13" Red="1" Green="1" Blue="1">
            <BorderPart Closed="True">
                <Vertices>1512 7370 7368
7368 7370 1512
7369 7370 7368
1513 7370 7369
1513 7371 7370
1513 4328 4329
1513 4329 4328
8507 4329 1513
8507 8508 4329
8507 962 2882
2882 962 2881
2882 2881 2880
2880 2881 960
2880 960 2881
9330 960 9329
9330 9329 5000
5000 9329 2256
2256 9329 9328
2256 9328 9327
2256 9327 4998
4998 9327 2256
4998 9326 1185
4998 1185 4997
4997 1185 4998
6743 1185 6742
6743 6742 3105
6743 3105 1186
6743 1186 3105
6744 1186 6743
9333 1186 9332
9332 1186 3106
9332 3106 7683
9332 7683 1647
9332 1647 7683
9332 5003 1647
9333 5003 2258
2258 5003 9333
2258 5004 5003
2258 9335 5004
9336 9335 5006
9336 5006 2259
2259 5006 9336
2259 5007 5006
2259 5008 5007
9338 5008 2259
9339 5008 2260
9339 2260 5008
9340 2260 9339
9341 2260 9340
9341 5010 2260
9341 9342 5010
1512 9342 9341
1512 3480 3481
1512 3481 3480
</Vertices>
                <Weights>0.67 0.33 0
0.67 0.33 0
0.67 0.33 0
0.67 0.33 0
0.67 0.33 0
0.67 0.33 0
0.67 0.33 0
0.67 0.33 0
0.67 0.33 0
0.67 0.33 0
0.67 0.33 0
0.67 0.33 0
0.67 0.33 0
0.67 0.33 0
0.67 0.33 0
0.67 0.33 0
0.67 0.33 0
0.67 0.33 0
0.67 0.33 0
0.67 0.33 0
0.67 0.33 0
0.67 0.33 0
0.67 0.33 0
0.67 0.33 0
0.67 0.33 0
0.67 0.33 0
0.67 0.33 0
0.67 0.33 0
0.67 0.33 0
0.67 0.33 0
0.67 0.33 0
0.67 0.33 0
0.67 0.33 0
0.67 0.33 0
0.67 0.33 0
0.67 0.33 0
0.67 0.33 0
0.67 0.33 0
0.67 0.33 0
0.67 0.33 0
0.67 0.33 0
0.67 0.33 0
0.67 0.33 0
0.67 0.33 0
0.67 0.33 0
0.67 0.33 0
0.67 0.33 0
0.67 0.33 0
0.67 0.33 0
0.67 0.33 0
0.67 0.33 0
0.67 0.33 0
0.67 0.33 0
0.67 0.33 0
</Weights>
            </BorderPart>
        </Border>
        <Border Name="vogt14" Red="1" Green="1" Blue="1">
            <BorderPart Closed="True">
                <Vertices>126 7682 3100
3100 7682 7681
3100 7681 1180
1180 7681 7680
1180 7680 6732
1180 6732 6734
6734 6732 1180
6733 6732 273
6733 273 6732
6733 4982 273
6733 9308 1181
1181 9308 6733
1181 4984 4983
4983 4984 1181
4983 4985 537
4983 537 4985
6736 537 4983
6736 6737 537
6738 6737 6736
6738 1183 6737
6739 1183 6738
6739 4990 1183
6740 4990 6739
6740 538 4990
6741 538 6740
6741 4996 538
6741 9326 1185
1185 9326 6741
1185 4998 4997
1185 4997 4998
1185 6743 6742
6742 6743 3105
3105 6743 1186
1186 6743 3105
1186 6744 6743
1186 9333 9332
1186 9332 3106
3106 9332 7683
7683 9332 1647
7683 1647 9332
7683 7684 7682
7683 7682 126
</Vertices>
                <Weights>0.67 0.33 0
0.67 0.33 0
0.67 0.33 0
0.67 0.33 0
0.67 0.33 0
0.67 0.33 0
0.67 0.33 0
0.67 0.33 0
0.67 0.33 0
0.67 0.33 0
0.67 0.33 0
0.67 0.33 0
0.67 0.33 0
0.67 0.33 0
0.67 0.33 0
0.67 0.33 0
0.67 0.33 0
0.67 0.33 0
0.67 0.33 0
0.67 0.33 0
0.67 0.33 0
0.67 0.33 0
0.67 0.33 0
0.67 0.33 0
0.67 0.33 0
0.67 0.33 0
0.67 0.33 0
0.67 0.33 0
0.67 0.33 0
0.67 0.33 0
0.67 0.33 0
0.67 0.33 0
0.67 0.33 0
0.67 0.33 0
0.67 0.33 0
0.67 0.33 0
0.67 0.33 0
0.67 0.33 0
0.67 0.33 0
0.67 0.33 0
0.67 0.33 0
0.67 0.33 0
</Weights>
            </BorderPart>
        </Border>
        <Border Name="vogt15" Red="1" Green="1" Blue="1">
            <BorderPart Closed="True">
                <Vertices>273 4982 4980
273 4980 4982
7676 4980 7675
7676 7675 1644
1644 7675 3698
1644 3698 7675
3699 3698 3697
3699 3697 272
3699 272 3697
5963 272 5962
5962 272 5963
5962 8292 272
5962 8293 8292
5962 752 5964
5962 5964 752
5963 5964 5962
753 5964 5963
753 5965 5964
753 3700 3701
3701 3700 753
3702 3700 274
3702 274 3700
3704 274 3702
3704 3706 274
3704 3705 1646
1646 3705 3704
7684 3705 1646
7684 7685 3705
7684 1647 7683
7684 7683 7682
7682 7683 126
7682 126 3100
7682 3100 7681
7681 3100 1180
7681 1180 7680
7680 1180 6732
6732 1180 6734
6732 6734 1180
6732 6733 273
273 6733 6732
</Vertices>
                <Weights>0.67 0.33 0
0.67 0.33 0
0.67 0.33 0
0.67 0.33 0
0.67 0.33 0
0.67 0.33 0
0.67 0.33 0
0.67 0.33 0
0.67 0.33 0
0.67 0.33 0
0.67 0.33 0
0.67 0.33 0
0.67 0.33 0
0.67 0.33 0
0.67 0.33 0
0.67 0.33 0
0.67 0.33 0
0.67 0.33 0
0.67 0.33 0
0.67 0.33 0
0.67 0.33 0
0.67 0.33 0
0.67 0.33 0
0.67 0.33 0
0.67 0.33 0
0.67 0.33 0
0.67 0.33 0
0.67 0.33 0
0.67 0.33 0
0.67 0.33 0
0.67 0.33 0
0.67 0.33 0
0.67 0.33 0
0.67 0.33 0
0.67 0.33 0
0.67 0.33 0
0.67 0.33 0
0.67 0.33 0
0.67 0.33 0
0.67 0.33 0
</Weights>
            </BorderPart>
        </Border>
        <Border Name="vogt16" Red="1" Green="1" Blue="1">
            <BorderPart Closed="True">
                <Vertices>403 6250 4173
4173 6250 6249
4173 6249 911
4173 911 4174
4173 4174 911
4175 4174 4173
4175 1900 4174
4176 1900 4175
4176 8313 1900
8314 8313 4176
8314 1898 8313
8314 8306 1898
8314 8315 1901
8314 1901 4176
4176 1901 8314
4177 1901 4176
4177 4178 1901
4179 4178 4177
4179 1902 4178
8319 1902 4179
8320 1902 8319
8320 8318 1902
8320 8321 1903
1903 8321 8320
1903 8322 8321
4183 8322 1903
4183 8323 1883
4183 1883 8323
4139 1883 4140
4139 4140 1883
4141 4140 4139
4141 1885 4140
8272 1885 4141
8272 8273 4143
8272 4143 900
900 4143 4142
4142 4143 900
4144 4143 4142
4144 1886 4143
4144 4145 1886
4146 4145 4144
4146 1887 4145
8284 1887 4146
8284 8285 4153
4153 8285 1890
1890 8285 4153
1890 8286 8285
8287 8286 1890
8287 7672 8286
8287 1642 7672
8287 8288 4155
4155 8288 1891
4155 1891 8288
4156 1891 4155
4156 8290 6237
6237 8290 905
6237 905 8290
6237 6238 6236
6236 6238 904
6236 904 6235
6236 6235 904
4150 6235 903
903 6235 6234
903 6234 6233
903 6233 8281
8281 6233 903
8281 4149 6233
1888 4149 4148
4148 4149 4147
4148 4147 1476
4148 1476 4147
4148 8278 1476
8279 8278 4148
901 8278 2821
901 2821 2820
2820 2821 2819
2819 2821 59
2819 59 2821
2819 2832 59
2833 2832 912
2833 912 2832
6252 912 6250
6252 6250 912
6251 6250 403
</Vertices>
                <Weights>0.67 0.33 0
0.67 0.33 0
0.67 0.33 0
0.67 0.33 0
0.67 0.33 0
0.67 0.33 0
0.67 0.33 0
0.67 0.33 0
0.67 0.33 0
0.67 0.33 0
0.67 0.33 0
0.67 0.33 0
0.67 0.33 0
0.67 0.33 0
0.67 0.33 0
0.67 0.33 0
0.67 0.33 0
0.67 0.33 0
0.67 0.33 0
0.67 0.33 0
0.67 0.33 0
0.67 0.33 0
0.67 0.33 0
0.67 0.33 0
0.67 0.33 0
0.67 0.33 0
0.67 0.33 0
0.67 0.33 0
0.67 0.33 0
0.67 0.33 0
0.67 0.33 0
0.67 0.33 0
0.67 0.33 0
0.67 0.33 0
0.67 0.33 0
0.67 0.33 0
0.67 0.33 0
0.67 0.33 0
0.67 0.33 0
0.67 0.33 0
0.67 0.33 0
0.67 0.33 0
0.67 0.33 0
0.67 0.33 0
0.67 0.33 0
0.67 0.33 0
0.67 0.33 0
0.67 0.33 0
0.67 0.33 0
0.67 0.33 0
0.67 0.33 0
0.67 0.33 0
0.67 0.33 0
0.67 0.33 0
0.67 0.33 0
0.67 0.33 0
0.67 0.33 0
0.67 0.33 0
0.67 0.33 0
0.67 0.33 0
0.67 0.33 0
0.67 0.33 0
0.67 0.33 0
0.67 0.33 0
0.67 0.33 0
0.67 0.33 0
0.67 0.33 0
0.67 0.33 0
0.67 0.33 0
0.67 0.33 0
0.67 0.33 0
0.67 0.33 0
0.67 0.33 0
0.67 0.33 0
0.67 0.33 0
0.67 0.33 0
0.67 0.33 0
0.67 0.33 0
0.67 0.33 0
0.67 0.33 0
0.67 0.33 0
0.67 0.33 0
0.67 0.33 0
0.67 0.33 0
</Weights>
            </BorderPart>
        </Border>
        <Border Name="vogt17" Red="1" Green="1" Blue="1">
            <BorderPart Closed="True">
                <Vertices>274 3702 3700
3700 3702 274
3700 3701 753
3700 753 3701
5965 753 5964
5964 753 5963
5964 5963 5962
5964 5962 752
5964 752 5962
5964 2673 752
5965 2673 754
5965 754 2673
5966 754 5965
5966 5968 754
5966 5967 274
274 5967 5966
3706 5967 274
3706 7687 5967
3706 1648 3705
3705 1648 7685
7685 1648 3705
7685 7686 1648
7685 5002 1647
7685 1647 7684
7685 7684 3705
3705 7684 1646
3705 1646 3704
3705 3704 1646
3706 3704 274
274 3704 3702
</Vertices>
                <Weights>0.67 0.33 0
0.67 0.33 0
0.67 0.33 0
0.67 0.33 0
0.67 0.33 0
0.67 0.33 0
0.67 0.33 0
0.67 0.33 0
0.67 0.33 0
0.67 0.33 0
0.67 0.33 0
0.67 0.33 0
0.67 0.33 0
0.67 0.33 0
0.67 0.33 0
0.67 0.33 0
0.67 0.33 0
0.67 0.33 0
0.67 0.33 0
0.67 0.33 0
0.67 0.33 0
0.67 0.33 0
0.67 0.33 0
0.67 0.33 0
0.67 0.33 0
0.67 0.33 0
0.67 0.33 0
0.67 0.33 0
0.67 0.33 0
0.67 0.33 0
</Weights>
            </BorderPart>
        </Border>
        <Border Name="vogt18" Red="1" Green="1" Blue="1">
            <BorderPart Closed="True">
                <Vertices>272 3699 3697
3697 3699 272
3697 3698 1642
3697 1642 3698
8288 1642 8287
8288 8287 4155
8288 4155 1891
1891 4155 8288
1891 4156 4155
8290 4156 6237
8290 6237 905
905 6237 8290
6238 6237 6236
6238 6236 904
904 6236 6235
6235 6236 904
6235 4150 903
6235 903 6234
6235 6234 2823
6235 2823 904
904 2823 6235
904 2824 2823
904 2825 2824
6238 2825 904
6238 6239 2825
905 6239 6238
905 4157 4158
4158 4157 905
4158 4159 4157
1892 4159 4158
1892 4160 4159
1892 8293 8292
8292 8293 1892
8292 5962 272
272 5962 5963
272 5963 5962
</Vertices>
                <Weights>0.67 0.33 0
0.67 0.33 0
0.67 0.33 0
0.67 0.33 0
0.67 0.33 0
0.67 0.33 0
0.67 0.33 0
0.67 0.33 0
0.67 0.33 0
0.67 0.33 0
0.67 0.33 0
0.67 0.33 0
0.67 0.33 0
0.67 0.33 0
0.67 0.33 0
0.67 0.33 0
0.67 0.33 0
0.67 0.33 0
0.67 0.33 0
0.67 0.33 0
0.67 0.33 0
0.67 0.33 0
0.67 0.33 0
0.67 0.33 0
0.67 0.33 0
0.67 0.33 0
0.67 0.33 0
0.67 0.33 0
0.67 0.33 0
0.67 0.33 0
0.67 0.33 0
0.67 0.33 0
0.67 0.33 0
0.67 0.33 0
0.67 0.33 0
0.67 0.33 0
</Weights>
            </BorderPart>
        </Border>
        <Border Name="vogt19" Red="0.47451" Green="0.364706" Blue="0.356863">
            <BorderPart Closed="True">
                <Vertices>59 2819 2821
2821 2819 59
2821 2820 2819
2821 901 2820
8278 901 2821
8278 8279 4148
8278 4148 1476
1476 4148 4147
4147 4148 1476
4149 4148 4147
4149 1888 4148
4149 8281 6233
6233 8281 903
6233 903 8281
6233 6234 6232
6233 6232 180
6233 180 6232
4149 180 4147
4147 180 4149
4147 7287 7286
4147 7286 1476
1476 7286 7285
1476 7285 7284
7284 7285 7283
7283 7285 1475
7283 1475 7285
7283 7303 1475
2830 7303 910
2830 910 2831
2831 910 2830
2831 6248 910
6249 6248 2831
6249 911 6248
6249 4173 911
6250 4173 6249
6250 403 4173
6250 6251 403
6250 6252 912
912 6252 6250
912 2833 2832
2832 2833 912
2832 2819 59
</Vertices>
                <Weights>0.67 0.33 0
0.67 0.33 0
0.67 0.33 0
0.67 0.33 0
0.67 0.33 0
0.67 0.33 0
0.67 0.33 0
0.67 0.33 0
0.67 0.33 0
0.67 0.33 0
0.67 0.33 0
0.67 0.33 0
0.67 0.33 0
0.67 0.33 0
0.67 0.33 0
0.67 0.33 0
0.67 0.33 0
0.67 0.33 0
0.67 0.33 0
0.67 0.33 0
0.67 0.33 0
0.67 0.33 0
0.67 0.33 0
0.67 0.33 0
0.67 0.33 0
0.67 0.33 0
0.67 0.33 0
0.67 0.33 0
0.67 0.33 0
0.67 0.33 0
0.67 0.33 0
0.67 0.33 0
0.67 0.33 0
0.67 0.33 0
0.67 0.33 0
0.67 0.33 0
0.67 0.33 0
0.67 0.33 0
0.67 0.33 0
0.67 0.33 0
0.67 0.33 0
0.67 0.33 0
</Weights>
            </BorderPart>
        </Border>
        <Border Name="vogt20" Red="0.596078" Green="0.564706" Blue="0.439216">
            <BorderPart Closed="True">
                <Vertices>911 6247 8310
8310 6247 911
8310 4172 6247
8310 1899 4172
8311 1899 8310
8311 8309 1899
8312 8309 8311
8312 402 8309
8312 4169 402
8313 4169 8312
8313 1898 4169
8313 8314 4176
8313 4176 1900
1900 4176 4175
1900 4175 4174
4174 4175 4173
4174 4173 911
911 4173 4174
911 6249 6248
911 6248 6247
</Vertices>
                <Weights>0.67 0.33 0
0.67 0.33 0
0.67 0.33 0
0.67 0.33 0
0.67 0.33 0
0.67 0.33 0
0.67 0.33 0
0.67 0.33 0
0.67 0.33 0
0.67 0.33 0
0.67 0.33 0
0.67 0.33 0
0.67 0.33 0
0.67 0.33 0
0.67 0.33 0
0.67 0.33 0
0.67 0.33 0
0.67 0.33 0
0.67 0.33 0
0.67 0.33 0
</Weights>
            </BorderPart>
        </Border>
        <Border Name="vogt21" Red="0.254902" Green="0.0431373" Blue="0.0823529">
            <BorderPart Closed="True">
                <Vertices>276 3709 3707
3707 3709 276
3708 3709 3707
3708 1649 7688
7688 1649 3708
7688 7689 1649
7686 7689 7688
7686 275 5002
7686 5002 7685
7686 7685 1648
1648 7685 3705
1648 3705 7685
1648 3706 3705
7687 3706 5967
5967 3706 274
5967 274 5966
5967 5966 274
5968 5966 754
754 5966 5965
754 5965 2673
754 2673 5965
754 2674 2673
2675 2674 754
2675 2676 2674
756 2676 2675
756 9240 2676
9241 9240 4928
9241 4928 2226
9241 2226 4928
9241 9242 2226
5970 9242 9241
276 9242 5970
276 9245 9242
276 3711 3709
</Vertices>
                <Weights>0.67 0.33 0
0.67 0.33 0
0.67 0.33 0
0.67 0.33 0
0.67 0.33 0
0.67 0.33 0
0.67 0.33 0
0.67 0.33 0
0.67 0.33 0
0.67 0.33 0
0.67 0.33 0
0.67 0.33 0
0.67 0.33 0
0.67 0.33 0
0.67 0.33 0
0.67 0.33 0
0.67 0.33 0
0.67 0.33 0
0.67 0.33 0
0.67 0.33 0
0.67 0.33 0
0.67 0.33 0
0.67 0.33 0
0.67 0.33 0
0.67 0.33 0
0.67 0.33 0
0.67 0.33 0
0.67 0.33 0
0.67 0.33 0
0.67 0.33 0
0.67 0.33 0
0.67 0.33 0
0.67 0.33 0
0.67 0.33 0
</Weights>
            </BorderPart>
        </Border>
        <Border Name="vogt22" Red="0.494118" Green="0.14902" Blue="0.294118">
            <BorderPart Closed="True">
                <Vertices>2823 902 2822
2823 2822 902
2823 2824 2822
2823 904 6235
2823 6235 904
6234 6235 2823
6234 903 6233
6234 6233 6232
6234 6232 902
6234 902 6232
</Vertices>
                <Weights>0.67 0.33 0
0.67 0.33 0
0.67 0.33 0
0.67 0.33 0
0.67 0.33 0
0.67 0.33 0
0.67 0.33 0
0.67 0.33 0
0.67 0.33 0
0.67 0.33 0
</Weights>
            </BorderPart>
            <BorderPart Closed="True">
                <Vertices>4157 399 4159
4157 4159 399
4157 4158 905
4157 905 4158
6239 905 6238
6239 6238 2825
6239 2825 906
6239 906 2825
6239 6240 906
4157 6240 6239
</Vertices>
                <Weights>0.67 0.33 0
0.67 0.33 0
0.67 0.33 0
0.67 0.33 0
0.67 0.33 0
0.67 0.33 0
0.67 0.33 0
0.67 0.33 0
0.67 0.33 0
0.67 0.33 0
</Weights>
            </BorderPart>
        </Border>
        <Border Name="vogt23" Red="0.47451" Green="0.364706" Blue="0.356863">
            <BorderPart Closed="True">
                <Vertices>180 4149 4147
180 4147 4149
180 7287 4147
180 7290 7287
6232 7290 180
6232 7291 7290
6232 902 6234
6232 6234 902
6232 6233 180
180 6233 6232
</Vertices>
                <Weights>0.67 0.33 0
0.67 0.33 0
0.67 0.33 0
0.67 0.33 0
0.67 0.33 0
0.67 0.33 0
0.67 0.33 0
0.67 0.33 0
0.67 0.33 0
0.67 0.33 0
</Weights>
            </BorderPart>
            <BorderPart Closed="True">
                <Vertices>910 6246 6248
6248 6246 910
6247 6246 183
6247 183 6246
6247 4172 183
6247 8310 911
6247 911 8310
6248 911 6247
6248 6249 2831
6248 2831 910
910 2831 2830
910 2830 2831
7303 2830 910
7303 7283 1475
1475 7283 7285
7285 7283 1475
7285 7284 7283
7285 1476 7284
7286 1476 7285
7286 4147 1476
7286 7287 1477
7286 1477 3420
7286 3420 1477
7285 3420 1475
1475 3420 3419
1475 3419 3420
1475 3433 7303
7303 3433 1475
7303 7302 3433
910 7302 6246
</Vertices>
                <Weights>0.67 0.33 0
0.67 0.33 0
0.67 0.33 0
0.67 0.33 0
0.67 0.33 0
0.67 0.33 0
0.67 0.33 0
0.67 0.33 0
0.67 0.33 0
0.67 0.33 0
0.67 0.33 0
0.67 0.33 0
0.67 0.33 0
0.67 0.33 0
0.67 0.33 0
0.67 0.33 0
0.67 0.33 0
0.67 0.33 0
0.67 0.33 0
0.67 0.33 0
0.67 0.33 0
0.67 0.33 0
0.67 0.33 0
0.67 0.33 0
0.67 0.33 0
0.67 0.33 0
0.67 0.33 0
0.67 0.33 0
0.67 0.33 0
0.67 0.33 0
</Weights>
            </BorderPart>
        </Border>
        <Border Name="vogt24" Red="0.596078" Green="0.564706" Blue="0.439216">
            <BorderPart Closed="True">
                <Vertices>402 8312 8309
8309 8312 8311
8309 8311 1899
1899 8311 8310
1899 8310 4172
4172 8310 6247
4172 6247 183
4172 183 4170
4172 4170 183
4171 4170 1481
4171 1481 4170
8307 1481 7295
8307 7295 1481
2829 7295 62
2829 62 2827
2829 2827 62
2829 2828 2827
909 2828 6244
909 6244 2828
6245 6244 909
4165 6244 908
4165 908 4166
4165 4166 908
4167 4166 4165
4167 1897 4166
4168 1897 4167
4168 8304 1897
4168 8305 1898
4168 1898 8305
4169 1898 4168
4169 8313 8312
4169 8312 402
</Vertices>
                <Weights>0.67 0.33 0
0.67 0.33 0
0.67 0.33 0
0.67 0.33 0
0.67 0.33 0
0.67 0.33 0
0.67 0.33 0
0.67 0.33 0
0.67 0.33 0
0.67 0.33 0
0.67 0.33 0
0.67 0.33 0
0.67 0.33 0
0.67 0.33 0
0.67 0.33 0
0.67 0.33 0
0.67 0.33 0
0.67 0.33 0
0.67 0.33 0
0.67 0.33 0
0.67 0.33 0
0.67 0.33 0
0.67 0.33 0
0.67 0.33 0
0.67 0.33 0
0.67 0.33 0
0.67 0.33 0
0.67 0.33 0
0.67 0.33 0
0.67 0.33 0
0.67 0.33 0
0.67 0.33 0
</Weights>
            </BorderPart>
        </Border>
        <Border Name="vogt25" Red="0.313726" Green="0.0431373" Blue="0.137255">
            <BorderPart Closed="True">
                <Vertices>399 4157 4159
4159 4157 399
4159 4158 4157
4159 1892 4158
4160 1892 4159
8293 1892 8292
8293 8292 1892
8293 5962 8292
752 5962 5964
752 5964 5962
2673 5964 752
2673 5965 754
2673 754 5965
2674 754 2673
2674 2675 754
2676 2675 2674
2676 756 2675
9240 756 2676
9240 9241 4928
9240 4928 2225
9240 2225 9239
9239 2225 9238
9238 2225 4926
9238 4926 2225
9237 4926 2224
9237 2224 9236
9237 9236 2224
4904 9236 524
524 9236 9233
524 9233 6686
524 6686 4900
524 4900 4902
4902 4900 524
4901 4900 1153
4901 1153 4900
9207 1153 6683
9207 6683 1153
9207 4899 6683
9207 2214 4899
9208 2214 9207
9208 9206 2214
9209 9206 9208
399 9206 6240
399 6240 4157
</Vertices>
                <Weights>0.67 0.33 0
0.67 0.33 0
0.67 0.33 0
0.67 0.33 0
0.67 0.33 0
0.67 0.33 0
0.67 0.33 0
0.67 0.33 0
0.67 0.33 0
0.67 0.33 0
0.67 0.33 0
0.67 0.33 0
0.67 0.33 0
0.67 0.33 0
0.67 0.33 0
0.67 0.33 0
0.67 0.33 0
0.67 0.33 0
0.67 0.33 0
0.67 0.33 0
0.67 0.33 0
0.67 0.33 0
0.67 0.33 0
0.67 0.33 0
0.67 0.33 0
0.67 0.33 0
0.67 0.33 0
0.67 0.33 0
0.67 0.33 0
0.67 0.33 0
0.67 0.33 0
0.67 0.33 0
0.67 0.33 0
0.67 0.33 0
0.67 0.33 0
0.67 0.33 0
0.67 0.33 0
0.67 0.33 0
0.67 0.33 0
0.67 0.33 0
0.67 0.33 0
0.67 0.33 0
0.67 0.33 0
0.67 0.33 0
</Weights>
            </BorderPart>
        </Border>
        <Border Name="vogt26" Red="0.494118" Green="0.14902" Blue="0.294118">
            <BorderPart Closed="True">
                <Vertices>902 6234 6232
902 6232 6234
7291 6232 7290
7290 6232 180
7290 180 7287
7290 7287 7289
7290 7289 1478
7290 1478 7289
7291 1478 7290
7291 3425 1478
7291 7292 3425
902 7292 7291
2822 7292 902
2822 7293 7292
2822 61 2824
2824 61 2822
2824 2826 61
2825 2826 2824
2825 906 6239
2825 6239 906
2825 6238 904
2825 904 2824
2824 904 2823
2824 2823 2822
2822 2823 902
902 2823 2822
</Vertices>
                <Weights>0.67 0.33 0
0.67 0.33 0
0.67 0.33 0
0.67 0.33 0
0.67 0.33 0
0.67 0.33 0
0.67 0.33 0
0.67 0.33 0
0.67 0.33 0
0.67 0.33 0
0.67 0.33 0
0.67 0.33 0
0.67 0.33 0
0.67 0.33 0
0.67 0.33 0
0.67 0.33 0
0.67 0.33 0
0.67 0.33 0
0.67 0.33 0
0.67 0.33 0
0.67 0.33 0
0.67 0.33 0
0.67 0.33 0
0.67 0.33 0
0.67 0.33 0
0.67 0.33 0
</Weights>
            </BorderPart>
        </Border>
        <Border Name="vogt27" Red="0.686275" Green="0.486275" Blue="0.490196">
            <BorderPart Closed="True">
                <Vertices>1477 7286 3420
3420 7286 1477
3420 7285 1475
3420 1475 3419
3419 1475 3420
3433 1475 7303
3433 7303 1475
7302 7303 3433
7302 910 6246
6246 910 6248
6246 6248 910
6246 6247 183
6246 183 6247
6246 7301 183
7302 7301 1483
1483 7301 7300
1483 7300 3431
1483 3431 7300
1483 3432 3431
3433 3432 1483
3419 3432 179
3419 179 3421
3419 3421 179
3420 3421 3419
1477 3421 3420
1477 7288 3421
7289 7288 3423
7289 3423 1478
7289 1478 3423
7289 7290 1478
7287 7290 7289
7287 180 4147
7287 4147 7286
7287 7286 1477
</Vertices>
                <Weights>0.67 0.33 0
0.67 0.33 0
0.67 0.33 0
0.67 0.33 0
0.67 0.33 0
0.67 0.33 0
0.67 0.33 0
0.67 0.33 0
0.67 0.33 0
0.67 0.33 0
0.67 0.33 0
0.67 0.33 0
0.67 0.33 0
0.67 0.33 0
0.67 0.33 0
0.67 0.33 0
0.67 0.33 0
0.67 0.33 0
0.67 0.33 0
0.67 0.33 0
0.67 0.33 0
0.67 0.33 0
0.67 0.33 0
0.67 0.33 0
0.67 0.33 0
0.67 0.33 0
0.67 0.33 0
0.67 0.33 0
0.67 0.33 0
0.67 0.33 0
0.67 0.33 0
0.67 0.33 0
0.67 0.33 0
0.67 0.33 0
</Weights>
            </BorderPart>
        </Border>
        <Border Name="vogt28" Red="0.466667" Green="0.603922" Blue="0.262745">
            <BorderPart Closed="True">
                <Vertices>62 2829 2827
2827 2829 62
2828 2829 2827
2828 909 6244
6244 909 2828
6244 6245 909
6244 4165 908
6244 908 6243
6244 6243 2828
2828 6243 907
2828 907 2827
2827 907 2828
2827 8758 907
2827 8759 8758
62 8759 2827
62 8768 8759
62 7294 7295
7295 7294 62
7295 7296 7294
1481 7296 7295
1481 7297 7296
4170 7297 1481
4170 7298 7297
183 7298 4170
7301 7298 7300
7301 7300 1483
7301 1483 7300
7301 7302 1483
7301 6246 183
183 6246 6247
183 6247 6246
183 4172 4170
4170 4172 183
4170 4171 1481
1481 4171 4170
1481 8307 7295
7295 8307 1481
7295 2829 62
</Vertices>
                <Weights>0.67 0.33 0
0.67 0.33 0
0.67 0.33 0
0.67 0.33 0
0.67 0.33 0
0.67 0.33 0
0.67 0.33 0
0.67 0.33 0
0.67 0.33 0
0.67 0.33 0
0.67 0.33 0
0.67 0.33 0
0.67 0.33 0
0.67 0.33 0
0.67 0.33 0
0.67 0.33 0
0.67 0.33 0
0.67 0.33 0
0.67 0.33 0
0.67 0.33 0
0.67 0.33 0
0.67 0.33 0
0.67 0.33 0
0.67 0.33 0
0.67 0.33 0
0.67 0.33 0
0.67 0.33 0
0.67 0.33 0
0.67 0.33 0
0.67 0.33 0
0.67 0.33 0
0.67 0.33 0
0.67 0.33 0
0.67 0.33 0
0.67 0.33 0
0.67 0.33 0
0.67 0.33 0
0.67 0.33 0
</Weights>
            </BorderPart>
        </Border>
        <Border Name="vogt30" Red="0.454902" Green="0.160784" Blue="0.25098">
            <BorderPart Closed="True">
                <Vertices>61 2824 2822
61 2822 2824
7293 2822 7292
7292 2822 902
7292 902 7291
7292 7291 3425
3425 7291 1478
1478 7291 7290
1478 7290 7289
1478 7289 3423
1478 3423 7289
1478 3424 3423
3425 3424 1478
3426 3424 181
3426 181 3424
9191 181 9188
9191 9188 9190
9190 9188 2208
2208 9188 9187
2208 9187 4883
2208 4883 9187
2208 4884 4883
9189 4884 6674
9189 6674 1148
9189 1148 6674
4886 1148 4885
4886 4885 1148
4887 4885 522
522 4885 4887
522 6677 4885
522 9197 6677
522 9200 9197
4889 9200 522
9201 9200 2212
9201 2212 9200
4896 2212 4895
4895 2212 4894
4895 4894 4893
4895 4893 523
523 4893 4895
6682 4893 6681
6682 6681 1152
6682 1152 6681
6682 6684 1152
6682 6683 523
523 6683 6682
4899 6683 523
4899 9207 6683
2214 9207 4899
2214 9208 9207
9206 9208 2214
9206 9209 9208
9206 399 6240
6240 399 4157
6240 4157 6239
6240 6239 906
906 6239 2825
906 2825 6239
2826 2825 2824
2826 2824 61
</Vertices>
                <Weights>0.67 0.33 0
0.67 0.33 0
0.67 0.33 0
0.67 0.33 0
0.67 0.33 0
0.67 0.33 0
0.67 0.33 0
0.67 0.33 0
0.67 0.33 0
0.67 0.33 0
0.67 0.33 0
0.67 0.33 0
0.67 0.33 0
0.67 0.33 0
0.67 0.33 0
0.67 0.33 0
0.67 0.33 0
0.67 0.33 0
0.67 0.33 0
0.67 0.33 0
0.67 0.33 0
0.67 0.33 0
0.67 0.33 0
0.67 0.33 0
0.67 0.33 0
0.67 0.33 0
0.67 0.33 0
0.67 0.33 0
0.67 0.33 0
0.67 0.33 0
0.67 0.33 0
0.67 0.33 0
0.67 0.33 0
0.67 0.33 0
0.67 0.33 0
0.67 0.33 0
0.67 0.33 0
0.67 0.33 0
0.67 0.33 0
0.67 0.33 0
0.67 0.33 0
0.67 0.33 0
0.67 0.33 0
0.67 0.33 0
0.67 0.33 0
0.67 0.33 0
0.67 0.33 0
0.67 0.33 0
0.67 0.33 0
0.67 0.33 0
0.67 0.33 0
0.67 0.33 0
0.67 0.33 0
0.67 0.33 0
0.67 0.33 0
0.67 0.33 0
0.67 0.33 0
0.67 0.33 0
0.67 0.33 0
0.67 0.33 0
</Weights>
            </BorderPart>
        </Border>
        <Border Name="vogt31" Red="0.670588" Green="0.560784" Blue="0.505882">
            <BorderPart Closed="True">
                <Vertices>179 3419 3421
3421 3419 179
