<?xml version="1.0" encoding="UTF-8"?>
<BorderFile Version="3" Structure="CORTEX_LEFT" SurfaceNumberOfVertices="170894">
    <MetaData>
        <MD>
            <Name>ParentProvenance</Name>
            <Value>../02_data/Final/maps/Surface/Freesurfer_COLIN27/gii/parcellation/nieuwenhuys_parcellation_on_colin27_lh_glasser_colormap.label.gii:
/local_raid1/01_software/workbench/bin_linux64/../exe_linux64/wb_command -metric-label-import /local_raid1/03_user/seokjun/01_project/08_Vogt_Vogt_mapping/01_analysis/nieuwenhuys_parcellation_on_colin27_lh.gii /local_raid1/03_user/seokjun/01_project/08_Vogt_Vogt_mapping/01_analysis//label_vogt_vogt_glasser_colormap.txt /local_raid1/03_user/seokjun/01_project/08_Vogt_Vogt_mapping/02_data/Final/maps/Surface/Freesurfer_COLIN27/gii/parcellation/nieuwenhuys_parcellation_on_colin27_lh_glasser_colormap.label.gii -drop-unused-labels

</Value>
        </MD>
        <MD>
            <Name>ProgramProvenance</Name>
            <Value>Connectome Workbench
Type: Command Line Application
Version: 1.4.2
Qt Compiled Version: 5.7.0
Qt Runtime Version: 5.7.0
Commit: 092b7f2f7dfab0f9ea7cbb6c1db2e5dffd2c1045
Commit Date: 2020-01-07 17:24:23 -0600
Compiled with OpenMP: YES
Compiler: g++ (/home/caret/gcc/install/gcc-4.8.5/bin)
Compiler Version: 4.8.5
Compiled Debug: NO
Operating System: Linux
</Value>
        </MD>
        <MD>
            <Name>Provenance</Name>
            <Value>/local_raid1/01_software/workbench/bin_linux64/../exe_linux64/wb_command -label-to-border ../02_data/Final/cortical_surface/COLIN27_FS/lh.pial.surf.gii ../02_data/Final/maps/Surface/Freesurfer_COLIN27/gii/parcellation/nieuwenhuys_parcellation_on_colin27_lh_glasser_colormap.label.gii ../02_data/Final/maps/Surface/Freesurfer_COLIN27/gii/parcellation/nieuwenhuys_parcellation_on_colin27_lh_glasser_colormap.border</Value>
        </MD>
        <MD>
            <Name>WorkingDirectory</Name>
            <Value>/local_raid1/03_user/seokjun/01_project/08_Vogt_Vogt_mapping/01_analysis</Value>
        </MD>
    </MetaData>
    <Class Name="#1" Red="0" Green="0" Blue="0">
        <Border Name="vogt1" Red="0.0784314" Green="0.0196078" Blue="0">
            <BorderPart Closed="True">
                <Vertices>153931 153113 153932
153932 153113 153931
153932 153114 153103
153932 153103 153114
153932 153921 153103
154755 153921 153922
154755 153922 153921
154756 153922 154746
154756 154746 153922
155524 154746 154756
155518 154746 155519
155518 155519 154746
155518 155510 155519
156236 155510 155518
156231 155510 155511
156231 155511 155510
156231 156232 155511
156966 156232 156961
156966 156961 156232
157808 156961 156966
157802 156961 156962
157802 156962 156961
157802 157803 156962
158694 157803 157802
158695 157803 158682
158695 158682 157803
158695 159567 158682
159580 159567 158695
160406 159567 159580
160393 159567 160394
160393 160394 159567
160393 160383 160382
160393 160382 160383
160393 161095 160382
161107 161095 160393
161786 161095 161107
161786 161771 161095
161786 161785 161106
161106 161785 161786
161802 161785 161106
161801 161785 161784
161784 161785 161801
162455 161785 161784
162455 162456 161785
162447 162456 162448
162447 162448 162456
162447 163102 162448
163107 163102 162447
163699 163102 163107
163699 163693 163102
163698 163693 163692
163698 163692 163693
163698 164247 163692
163698 164255 164247
163697 164255 164254
164254 164255 163697
164254 164247 164246
164254 164246 164247
164254 164864 164246
164254 164876 164864
164253 164876 164875
164253 164875 164252
164252 164875 164874
164874 164875 164252
164863 164875 164874
164863 164864 164875
164863 165491 165490
165490 165491 164863
165478 165491 165479
165478 165479 165469
165478 165469 165468
165468 165469 165478
166106 165469 165468
166106 166107 165469
166106 166093 166092
166092 166093 166074
166074 166093 166075
166074 166075 166065
166065 166075 166066
166065 166066 166075
166065 166666 166665
166065 166665 166064
166064 166665 166664
166064 166664 166063
166063 166664 166064
166063 166675 166072
166072 166675 166063
166072 166693 166090
166090 166693 166072
166090 166692 166089
166089 166692 166090
166699 166692 166089
166691 166692 166699
166691 167213 167212
166691 167212 167213
166691 167220 166698
166698 167220 166691
166697 167220 167219
167219 167220 166697
167219 167232 166708
166708 167232 167219
166720 167232 166708
167238 167232 166720
167238 167711 167232
167238 167719 167711
167245 167719 167238
167727 167719 167245
167727 167720 167719
167727 167728 167246
167246 167728 167727
167247 167728 167246
167729 167728 167247
167729 168158 167728
168159 168158 167729
168159 168593 168158
168159 168594 168160
168160 168594 168159
168595 168594 168160
168595 169067 168594
168595 169074 168600
168600 169074 168595
168600 169078 168605
168605 169078 168600
168605 169084 168612
168612 169084 168605
168612 169083 168611
168612 168611 168619
168612 168619 168175
168175 168619 168182
168175 168182 167753
167753 168182 168175
167752 168182 168181
167752 168181 168182
167765 168181 167752
167765 168191 168181
167765 167764 167299
167299 167764 167765
167315 167764 167299
167781 167764 167315
167781 167780 167314
167314 167780 167781
167326 167780 167314
167326 167790 167780
167326 167339 167327
167327 167339 167326
167327 167340 166849
166849 167340 167327
166861 167340 166849
166861 167353 167340
166862 167353 166861
167354 167353 166862
167354 167365 167353
167354 167366 166871
166871 167366 167354
166884 167366 166871
166884 167378 167366
166893 167378 166884
167385 167378 166893
167385 167842 167378
167385 167849 167842
167385 167389 166897
166897 167389 167385
166901 167389 166897
166901 167394 167389
166900 167394 167393
166900 167393 167394
166900 166904 166333
166333 166904 166900
166342 166904 166333
166342 166910 166904
166342 166343 165709
165709 166343 165701
165701 166343 166334
166334 166343 165701
166335 166343 166334
166335 166344 166343
166335 166912 166905
166335 166905 166336
166336 166905 166335
166336 166906 166905
166345 166906 166336
166345 166913 166906
166346 166913 166345
166346 166914 166913
166349 166914 166346
166919 166914 166349
166919 166915 166914
166920 166915 166919
166916 166915 166908
166916 166908 166338
166338 166908 166339
166339 166908 166338
166339 166909 166330
166339 166330 166331
166331 166330 166327
166331 166327 165692
165692 166327 165687
165692 165687 165688
165688 165687 165692
165688 166322 165687
165688 166323 165673
165673 166323 166311
165673 166311 165660
165673 165660 165674
165674 165660 165673
165661 165660 165674
165661 166294 165660
165661 166295 165662
165661 165662 164998
164998 165662 164999
164999 165662 164998
164999 165663 165000
164999 165000 164379
164379 165000 164999
164380 165000 164379
164380 165001 165000
164380 164394 163839
163839 164394 164380
163839 163840 163826
163839 163826 163825
163825 163826 163245
163825 163245 163244
163244 163245 162595
163244 162595 162594
163244 162594 162595
163243 162594 162593
163243 162593 162594
163242 162593 163243
163242 163260 162593
163259 163260 162609
162609 163260 162610
162609 162610 162617
162609 162617 162616
162616 162617 162609
162629 162617 161955
162629 161955 162617
162629 161961 161955
162629 162637 161961
162628 162637 162636
162636 162637 162628
162645 162637 161969
162645 161969 162637
161968 161969 161974
161968 161974 161973
161968 161973 161974
162644 161973 161968
162649 161973 162644
162649 161978 161973
162653 161978 162649
162653 161977 161978
162652 161977 162653
162652 161983 161977
162658 161983 162652
162658 161982 161983
162657 161982 161981
162657 161981 161982
162656 161981 161980
161980 161981 161297
161980 161297 161296
161980 161296 161976
161976 161296 161292
161976 161292 161971
161971 161292 161288
161971 161288 161289
161971 161289 161288
161972 161289 161967
161967 161289 161284
161967 161284 161960
161967 161960 161284
162643 161960 161967
162635 161960 161954
161954 161960 161276
161954 161276 161268
161954 161268 161953
161953 161268 161267
161267 161268 161257
161267 161257 161256
161256 161257 160531
161256 160531 160530
160530 160531 160540
160530 160540 160539
160539 160540 159717
160539 159717 159716
160539 159716 160538
160538 159716 159715
160538 159715 160537
160537 159715 159714
160537 159714 159715
160537 159724 159714
160548 159724 160537
160547 159724 159723
160547 159723 159724
159732 159723 158843
159732 158843 159723
159731 158843 158842
158842 158843 157953
158842 157953 158843
158842 158851 157953
158850 158851 157962
158850 157962 158851
158850 158857 157962
158856 158857 157970
158856 157970 157961
157961 157970 157960
157960 157970 157969
157960 157969 157122
157960 157122 157115
157115 157122 156385
157115 156385 156376
157115 156376 156377
157115 156377 156376
157116 156377 157108
157108 156377 156366
156366 156377 155648
156366 155648 156367
156367 155648 156366
156367 155649 155635
156367 155635 155649
156353 155635 156354
156354 155635 156353
156354 155636 155635
156354 156355 155636
156345 156355 155625
156345 155625 156346
156346 155625 156345
156346 155626 155625
156346 156347 155626
156333 156347 155609
156333 155609 156334
156333 156334 155609
156317 156334 155596
156317 155596 155585
156317 155585 155596
156307 155585 155574
155574 155585 154821
155574 154821 154807
155574 154807 155573
155573 154807 154806
155573 154806 155572
155572 154806 154805
155572 154805 155571
155572 155571 154805
156296 155571 155572
156295 155571 155570
156295 155570 155571
156294 155570 155569
156294 155569 155570
156293 155569 155557
156293 155557 155569
156277 155557 155540
156277 155540 155557
156262 155540 155541
156262 155541 155540
156263 155541 156262
155542 155541 154773
155542 154773 155541
155542 154774 154773
155543 154774 155542
155543 154775 154774
155543 155544 154775
155527 155544 155528
155528 155544 154776
155528 154776 154761
154761 154776 154762
154762 154776 154761
154762 154777 153943
154762 153943 153929
154762 153929 153930
154762 153930 153929
154763 153930 154762
153931 153930 153944
153931 153944 153930
153931 153945 153113
</Vertices>
                <Weights>0.67 0.33 0
0.67 0.33 0
0.67 0.33 0
0.67 0.33 0
0.67 0.33 0
0.67 0.33 0
0.67 0.33 0
0.67 0.33 0
0.67 0.33 0
0.67 0.33 0
0.67 0.33 0
0.67 0.33 0
0.67 0.33 0
0.67 0.33 0
0.67 0.33 0
0.67 0.33 0
0.67 0.33 0
0.67 0.33 0
0.67 0.33 0
0.67 0.33 0
0.67 0.33 0
0.67 0.33 0
0.67 0.33 0
0.67 0.33 0
0.67 0.33 0
0.67 0.33 0
0.67 0.33 0
0.67 0.33 0
0.67 0.33 0
0.67 0.33 0
0.67 0.33 0
0.67 0.33 0
0.67 0.33 0
0.67 0.33 0
0.67 0.33 0
0.67 0.33 0
0.67 0.33 0
0.67 0.33 0
0.67 0.33 0
0.67 0.33 0
0.67 0.33 0
0.67 0.33 0
0.67 0.33 0
0.67 0.33 0
0.67 0.33 0
0.67 0.33 0
0.67 0.33 0
0.67 0.33 0
0.67 0.33 0
0.67 0.33 0
0.67 0.33 0
0.67 0.33 0
0.67 0.33 0
0.67 0.33 0
0.67 0.33 0
0.67 0.33 0
0.67 0.33 0
0.67 0.33 0
0.67 0.33 0
0.67 0.33 0
0.67 0.33 0
0.67 0.33 0
0.67 0.33 0
0.67 0.33 0
0.67 0.33 0
0.67 0.33 0
0.67 0.33 0
0.67 0.33 0
0.67 0.33 0
0.67 0.33 0
0.67 0.33 0
0.67 0.33 0
0.67 0.33 0
0.67 0.33 0
0.67 0.33 0
0.67 0.33 0
0.67 0.33 0
0.67 0.33 0
0.67 0.33 0
0.67 0.33 0
0.67 0.33 0
0.67 0.33 0
0.67 0.33 0
0.67 0.33 0
0.67 0.33 0
0.67 0.33 0
0.67 0.33 0
0.67 0.33 0
0.67 0.33 0
0.67 0.33 0
0.67 0.33 0
0.67 0.33 0
0.67 0.33 0
0.67 0.33 0
0.67 0.33 0
0.67 0.33 0
0.67 0.33 0
0.67 0.33 0
0.67 0.33 0
0.67 0.33 0
0.67 0.33 0
0.67 0.33 0
0.67 0.33 0
0.67 0.33 0
0.67 0.33 0
0.67 0.33 0
0.67 0.33 0
0.67 0.33 0
0.67 0.33 0
0.67 0.33 0
0.67 0.33 0
0.67 0.33 0
0.67 0.33 0
0.67 0.33 0
0.67 0.33 0
0.67 0.33 0
0.67 0.33 0
0.67 0.33 0
0.67 0.33 0
0.67 0.33 0
0.67 0.33 0
0.67 0.33 0
0.67 0.33 0
0.67 0.33 0
0.67 0.33 0
0.67 0.33 0
0.67 0.33 0
0.67 0.33 0
0.67 0.33 0
0.67 0.33 0
0.67 0.33 0
0.67 0.33 0
0.67 0.33 0
0.67 0.33 0
0.67 0.33 0
0.67 0.33 0
0.67 0.33 0
0.67 0.33 0
0.67 0.33 0
0.67 0.33 0
0.67 0.33 0
0.67 0.33 0
0.67 0.33 0
0.67 0.33 0
0.67 0.33 0
0.67 0.33 0
0.67 0.33 0
0.67 0.33 0
0.67 0.33 0
0.67 0.33 0
0.67 0.33 0
0.67 0.33 0
0.67 0.33 0
0.67 0.33 0
0.67 0.33 0
0.67 0.33 0
0.67 0.33 0
0.67 0.33 0
0.67 0.33 0
0.67 0.33 0
0.67 0.33 0
0.67 0.33 0
0.67 0.33 0
0.67 0.33 0
0.67 0.33 0
0.67 0.33 0
0.67 0.33 0
0.67 0.33 0
0.67 0.33 0
0.67 0.33 0
0.67 0.33 0
0.67 0.33 0
0.67 0.33 0
0.67 0.33 0
0.67 0.33 0
0.67 0.33 0
0.67 0.33 0
0.67 0.33 0
0.67 0.33 0
0.67 0.33 0
0.67 0.33 0
0.67 0.33 0
0.67 0.33 0
0.67 0.33 0
0.67 0.33 0
0.67 0.33 0
0.67 0.33 0
0.67 0.33 0
0.67 0.33 0
0.67 0.33 0
0.67 0.33 0
0.67 0.33 0
0.67 0.33 0
0.67 0.33 0
0.67 0.33 0
0.67 0.33 0
0.67 0.33 0
0.67 0.33 0
0.67 0.33 0
0.67 0.33 0
0.67 0.33 0
0.67 0.33 0
0.67 0.33 0
0.67 0.33 0
0.67 0.33 0
0.67 0.33 0
0.67 0.33 0
0.67 0.33 0
0.67 0.33 0
0.67 0.33 0
0.67 0.33 0
0.67 0.33 0
0.67 0.33 0
0.67 0.33 0
0.67 0.33 0
0.67 0.33 0
0.67 0.33 0
0.67 0.33 0
0.67 0.33 0
0.67 0.33 0
0.67 0.33 0
0.67 0.33 0
0.67 0.33 0
0.67 0.33 0
0.67 0.33 0
0.67 0.33 0
0.67 0.33 0
0.67 0.33 0
0.67 0.33 0
0.67 0.33 0
0.67 0.33 0
0.67 0.33 0
0.67 0.33 0
0.67 0.33 0
0.67 0.33 0
0.67 0.33 0
0.67 0.33 0
0.67 0.33 0
0.67 0.33 0
0.67 0.33 0
0.67 0.33 0
0.67 0.33 0
0.67 0.33 0
0.67 0.33 0
0.67 0.33 0
0.67 0.33 0
0.67 0.33 0
0.67 0.33 0
0.67 0.33 0
0.67 0.33 0
0.67 0.33 0
0.67 0.33 0
0.67 0.33 0
0.67 0.33 0
0.67 0.33 0
0.67 0.33 0
0.67 0.33 0
0.67 0.33 0
0.67 0.33 0
0.67 0.33 0
0.67 0.33 0
0.67 0.33 0
0.67 0.33 0
0.67 0.33 0
0.67 0.33 0
0.67 0.33 0
0.67 0.33 0
0.67 0.33 0
0.67 0.33 0
0.67 0.33 0
0.67 0.33 0
0.67 0.33 0
0.67 0.33 0
0.67 0.33 0
0.67 0.33 0
0.67 0.33 0
0.67 0.33 0
0.67 0.33 0
0.67 0.33 0
0.67 0.33 0
0.67 0.33 0
0.67 0.33 0
0.67 0.33 0
0.67 0.33 0
0.67 0.33 0
0.67 0.33 0
0.67 0.33 0
0.67 0.33 0
0.67 0.33 0
0.67 0.33 0
0.67 0.33 0
0.67 0.33 0
0.67 0.33 0
0.67 0.33 0
0.67 0.33 0
0.67 0.33 0
0.67 0.33 0
0.67 0.33 0
0.67 0.33 0
0.67 0.33 0
0.67 0.33 0
0.67 0.33 0
0.67 0.33 0
0.67 0.33 0
0.67 0.33 0
0.67 0.33 0
0.67 0.33 0
0.67 0.33 0
0.67 0.33 0
0.67 0.33 0
0.67 0.33 0
0.67 0.33 0
0.67 0.33 0
0.67 0.33 0
0.67 0.33 0
0.67 0.33 0
0.67 0.33 0
0.67 0.33 0
0.67 0.33 0
0.67 0.33 0
0.67 0.33 0
0.67 0.33 0
0.67 0.33 0
0.67 0.33 0
0.67 0.33 0
0.67 0.33 0
0.67 0.33 0
0.67 0.33 0
0.67 0.33 0
0.67 0.33 0
0.67 0.33 0
0.67 0.33 0
0.67 0.33 0
0.67 0.33 0
0.67 0.33 0
0.67 0.33 0
0.67 0.33 0
0.67 0.33 0
0.67 0.33 0
0.67 0.33 0
0.67 0.33 0
0.67 0.33 0
0.67 0.33 0
0.67 0.33 0
0.67 0.33 0
0.67 0.33 0
0.67 0.33 0
0.67 0.33 0
0.67 0.33 0
0.67 0.33 0
0.67 0.33 0
0.67 0.33 0
0.67 0.33 0
0.67 0.33 0
0.67 0.33 0
0.67 0.33 0
0.67 0.33 0
0.67 0.33 0
0.67 0.33 0
0.67 0.33 0
0.67 0.33 0
0.67 0.33 0
0.67 0.33 0
0.67 0.33 0
0.67 0.33 0
0.67 0.33 0
0.67 0.33 0
0.67 0.33 0
0.67 0.33 0
0.67 0.33 0
0.67 0.33 0
0.67 0.33 0
0.67 0.33 0
</Weights>
            </BorderPart>
        </Border>
        <Border Name="vogt2" Red="0.364706" Green="0.129412" Blue="0.203922">
            <BorderPart Closed="True">
                <Vertices>161771 161086 161095
161771 161095 161086
161771 161786 161095
161785 161786 161106
161785 161106 161786
161785 161802 161106
161785 161801 161784
161785 161784 161801
161785 162455 161784
162456 162455 161785
162456 162447 162448
162448 162447 162456
163102 162447 162448
163102 163107 162447
163102 163699 163107
163693 163699 163102
163693 163698 163692
163692 163698 163693
164247 163698 163692
164255 163698 164247
164255 163697 164254
164255 164254 163697
164247 164254 164246
164246 164254 164247
164864 164254 164246
164876 164254 164864
164876 164253 164875
164875 164253 164252
164875 164252 164874
164875 164874 164252
164875 164863 164874
164864 164863 164875
165491 164863 165490
165491 165490 164863
165491 165478 165479
165479 165478 165469
165469 165478 165468
165469 165468 165478
165469 166106 165468
166107 166106 165469
166093 166106 166092
166093 166092 166074
166093 166074 166075
166075 166074 166065
166075 166065 166066
166066 166065 166075
166666 166065 166665
166666 166665 166065
166666 166655 166656
166656 166655 166666
166656 167182 166655
167183 167182 166656
167174 167182 167173
167174 167173 167182
167174 167657 167173
167658 167657 167174
167658 167648 167649
167658 167649 167648
167659 167649 167650
167650 167649 167635
167650 167635 167636
167636 167635 167650
167636 168074 167635
167636 168075 168074
167637 168075 167636
168076 168075 167637
168076 168066 168067
168067 168066 168076
168067 168500 168066
168067 168501 168062
168067 168062 168068
168068 168062 168063
168068 168063 167620
168068 167620 167625
167625 167620 167626
167625 167626 167153
167153 167626 167148
167153 167148 167154
167153 167154 167148
167153 167164 167154
167163 167164 166640
166640 167164 166628
166640 166628 166641
166640 166641 166040
166040 166641 166029
166040 166029 165412
166040 165412 166029
166040 165422 165412
166049 165422 166040
165431 165422 165423
165423 165422 165413
165423 165413 164789
165423 164789 165413
164796 164789 164790
164796 164790 164789
164796 164797 164790
164805 164797 164796
164806 164797 164193
164806 164193 164797
164806 164206 164193
164819 164206 164806
164205 164206 164214
164214 164206 164205
164215 164206 163650
164215 163650 163656
164215 163656 163650
164215 164232 163656
164231 164232 163671
163671 164232 164231
163671 163672 163683
163683 163672 163671
163683 163684 163090
163090 163684 163683
163090 163091 163099
163090 163099 163091
163098 163099 162440
163098 162440 162439
162439 162440 162449
162449 162440 161771
161771 162440 161761
161771 161761 161086
</Vertices>
                <Weights>0.67 0.33 0
0.67 0.33 0
0.67 0.33 0
0.67 0.33 0
0.67 0.33 0
0.67 0.33 0
0.67 0.33 0
0.67 0.33 0
0.67 0.33 0
0.67 0.33 0
0.67 0.33 0
0.67 0.33 0
0.67 0.33 0
0.67 0.33 0
0.67 0.33 0
0.67 0.33 0
0.67 0.33 0
0.67 0.33 0
0.67 0.33 0
0.67 0.33 0
0.67 0.33 0
0.67 0.33 0
0.67 0.33 0
0.67 0.33 0
0.67 0.33 0
0.67 0.33 0
0.67 0.33 0
0.67 0.33 0
0.67 0.33 0
0.67 0.33 0
0.67 0.33 0
0.67 0.33 0
0.67 0.33 0
0.67 0.33 0
0.67 0.33 0
0.67 0.33 0
0.67 0.33 0
0.67 0.33 0
0.67 0.33 0
0.67 0.33 0
0.67 0.33 0
0.67 0.33 0
0.67 0.33 0
0.67 0.33 0
0.67 0.33 0
0.67 0.33 0
0.67 0.33 0
0.67 0.33 0
0.67 0.33 0
0.67 0.33 0
0.67 0.33 0
0.67 0.33 0
0.67 0.33 0
0.67 0.33 0
0.67 0.33 0
0.67 0.33 0
0.67 0.33 0
0.67 0.33 0
0.67 0.33 0
0.67 0.33 0
0.67 0.33 0
0.67 0.33 0
0.67 0.33 0
0.67 0.33 0
0.67 0.33 0
0.67 0.33 0
0.67 0.33 0
0.67 0.33 0
0.67 0.33 0
0.67 0.33 0
0.67 0.33 0
0.67 0.33 0
0.67 0.33 0
0.67 0.33 0
0.67 0.33 0
0.67 0.33 0
0.67 0.33 0
0.67 0.33 0
0.67 0.33 0
0.67 0.33 0
0.67 0.33 0
0.67 0.33 0
0.67 0.33 0
0.67 0.33 0
0.67 0.33 0
0.67 0.33 0
0.67 0.33 0
0.67 0.33 0
0.67 0.33 0
0.67 0.33 0
0.67 0.33 0
0.67 0.33 0
0.67 0.33 0
0.67 0.33 0
0.67 0.33 0
0.67 0.33 0
0.67 0.33 0
0.67 0.33 0
0.67 0.33 0
0.67 0.33 0
0.67 0.33 0
0.67 0.33 0
0.67 0.33 0
0.67 0.33 0
0.67 0.33 0
0.67 0.33 0
0.67 0.33 0
0.67 0.33 0
0.67 0.33 0
0.67 0.33 0
0.67 0.33 0
0.67 0.33 0
0.67 0.33 0
0.67 0.33 0
0.67 0.33 0
0.67 0.33 0
0.67 0.33 0
0.67 0.33 0
0.67 0.33 0
0.67 0.33 0
0.67 0.33 0
</Weights>
            </BorderPart>
        </Border>
        <Border Name="vogt3" Red="0.364706" Green="0.129412" Blue="0.203922">
            <BorderPart Closed="True">
                <Vertices>149365 149364 149371
149365 149371 149364
150152 149371 149365
150153 149371 149372
149372 149371 149376
149372 149376 149371
150156 149376 149372
150168 149376 149392
150168 149392 149376
150185 149392 149406
150185 149406 149392
150185 149405 150184
150184 149405 150185
150184 150197 149405
150942 150197 150184
150942 150941 150197
151677 150941 151676
151677 151676 150941
152371 151676 152370
152371 152370 151676
152371 153144 152370
152371 153145 153124
152371 153124 152355
152355 153124 153125
153125 153124 152355
153125 153944 153124
153945 153944 153125
153945 153931 153113
153113 153931 153932
153113 153932 153931
153114 153932 153103
153103 153932 153114
153921 153932 153103
153921 154755 153922
153922 154755 153921
153922 154756 154746
154746 154756 153922
154746 155524 154756
154746 155518 155519
155519 155518 154746
155510 155518 155519
155510 156236 155518
155510 156231 155511
155511 156231 155510
156232 156231 155511
156232 156966 156961
156961 156966 156232
156961 157808 156966
156961 157802 156962
156962 157802 156961
157803 157802 156962
157803 158694 157802
157803 158695 158682
158682 158695 157803
159567 158695 158682
159567 159580 158695
159567 160406 159580
159567 160393 160394
160394 160393 159567
160383 160393 160382
160382 160393 160383
161095 160393 160382
161095 161107 160393
161095 161786 161107
161095 161771 161086
161086 161771 161095
161761 161771 161086
162440 161771 161761
162440 162449 161771
162440 162439 162449
162440 163098 162439
163099 163098 162440
163099 163090 163091
163091 163090 163099
163684 163090 163683
163684 163683 163090
163672 163683 163671
163672 163671 163683
164232 163671 164231
164232 164231 163671
164232 164215 163656
163656 164215 163650
163650 164215 163656
164206 164215 163650
164206 164214 164205
164206 164205 164214
164206 164819 164806
164206 164806 164193
164193 164806 164797
164797 164806 164193
164797 164805 164796
164797 164796 164790
164790 164796 164789
164790 164789 164175
164175 164789 164174
164174 164789 164164
164164 164789 164174
164164 164782 164150
164164 164150 163591
163591 164150 163590
163591 163590 163607
163607 163590 163606
163607 163606 163006
163006 163606 163005
163005 163606 163006
163005 163605 163606
163019 163605 163005
163019 163619 163605
163019 163018 163033
163033 163018 163032
163033 163032 162367
162367 163032 162366
162366 163032 163031
162366 163031 162365
162366 162365 162384
162384 162365 161705
161705 162365 161689
161705 161689 160990
161705 160990 161003
161705 161003 160990
161716 161003 161014
161716 161014 161003
161716 161727 161014
161716 161717 161706
161706 161717 161716
161707 161717 161706
161707 161718 161015
161015 161718 161707
161015 161729 161718
161015 161032 161033
161033 161032 160309
160309 161032 160308
160309 160308 160332
160309 160332 160308
160309 160333 159487
159487 160333 160309
159512 160333 159487
159512 159511 158621
159512 158621 158622
158622 158621 158643
158643 158621 158642
158642 158621 158643
158642 159533 158621
158642 158641 157762
158642 157762 158641
157763 157762 156937
157763 156937 157762
156938 156937 156203
156203 156937 156202
156203 156202 155465
156203 155465 156202
155480 155465 155479
155479 155465 155464
155479 155464 155478
155479 155478 154683
155479 154683 154684
154684 154683 153850
153850 154683 153849
153850 153849 153865
153865 153849 153864
153865 153864 153063
153063 153864 153062
153063 153062 153072
153063 153072 153062
153073 153072 152311
152311 153072 152310
152311 152310 151615
151615 152310 152311
151615 151623 151624
151624 151623 150891
151624 150891 151623
150892 150891 150142
150892 150142 150891
150148 150142 150147
150148 150147 149364
150148 149364 149365
</Vertices>
                <Weights>0.67 0.33 0
0.67 0.33 0
0.67 0.33 0
0.67 0.33 0
0.67 0.33 0
0.67 0.33 0
0.67 0.33 0
0.67 0.33 0
0.67 0.33 0
0.67 0.33 0
0.67 0.33 0
0.67 0.33 0
0.67 0.33 0
0.67 0.33 0
0.67 0.33 0
0.67 0.33 0
0.67 0.33 0
0.67 0.33 0
0.67 0.33 0
0.67 0.33 0
0.67 0.33 0
0.67 0.33 0
0.67 0.33 0
0.67 0.33 0
0.67 0.33 0
0.67 0.33 0
0.67 0.33 0
0.67 0.33 0
0.67 0.33 0
0.67 0.33 0
0.67 0.33 0
0.67 0.33 0
0.67 0.33 0
0.67 0.33 0
0.67 0.33 0
0.67 0.33 0
0.67 0.33 0
0.67 0.33 0
0.67 0.33 0
0.67 0.33 0
0.67 0.33 0
0.67 0.33 0
0.67 0.33 0
0.67 0.33 0
0.67 0.33 0
0.67 0.33 0
0.67 0.33 0
0.67 0.33 0
0.67 0.33 0
0.67 0.33 0
0.67 0.33 0
0.67 0.33 0
0.67 0.33 0
0.67 0.33 0
0.67 0.33 0
0.67 0.33 0
0.67 0.33 0
0.67 0.33 0
0.67 0.33 0
0.67 0.33 0
0.67 0.33 0
0.67 0.33 0
0.67 0.33 0
0.67 0.33 0
0.67 0.33 0
0.67 0.33 0
0.67 0.33 0
0.67 0.33 0
0.67 0.33 0
0.67 0.33 0
0.67 0.33 0
0.67 0.33 0
0.67 0.33 0
0.67 0.33 0
0.67 0.33 0
0.67 0.33 0
0.67 0.33 0
0.67 0.33 0
0.67 0.33 0
0.67 0.33 0
0.67 0.33 0
0.67 0.33 0
0.67 0.33 0
0.67 0.33 0
0.67 0.33 0
0.67 0.33 0
0.67 0.33 0
0.67 0.33 0
0.67 0.33 0
0.67 0.33 0
0.67 0.33 0
0.67 0.33 0
0.67 0.33 0
0.67 0.33 0
0.67 0.33 0
0.67 0.33 0
0.67 0.33 0
0.67 0.33 0
0.67 0.33 0
0.67 0.33 0
0.67 0.33 0
0.67 0.33 0
0.67 0.33 0
0.67 0.33 0
0.67 0.33 0
0.67 0.33 0
0.67 0.33 0
0.67 0.33 0
0.67 0.33 0
0.67 0.33 0
0.67 0.33 0
0.67 0.33 0
0.67 0.33 0
0.67 0.33 0
0.67 0.33 0
0.67 0.33 0
0.67 0.33 0
0.67 0.33 0
0.67 0.33 0
0.67 0.33 0
0.67 0.33 0
0.67 0.33 0
0.67 0.33 0
0.67 0.33 0
0.67 0.33 0
0.67 0.33 0
0.67 0.33 0
0.67 0.33 0
0.67 0.33 0
0.67 0.33 0
0.67 0.33 0
0.67 0.33 0
0.67 0.33 0
0.67 0.33 0
0.67 0.33 0
0.67 0.33 0
0.67 0.33 0
0.67 0.33 0
0.67 0.33 0
0.67 0.33 0
0.67 0.33 0
0.67 0.33 0
0.67 0.33 0
0.67 0.33 0
0.67 0.33 0
0.67 0.33 0
0.67 0.33 0
0.67 0.33 0
0.67 0.33 0
0.67 0.33 0
0.67 0.33 0
0.67 0.33 0
0.67 0.33 0
0.67 0.33 0
0.67 0.33 0
0.67 0.33 0
0.67 0.33 0
0.67 0.33 0
0.67 0.33 0
0.67 0.33 0
0.67 0.33 0
0.67 0.33 0
0.67 0.33 0
0.67 0.33 0
0.67 0.33 0
0.67 0.33 0
0.67 0.33 0
0.67 0.33 0
0.67 0.33 0
0.67 0.33 0
0.67 0.33 0
0.67 0.33 0
0.67 0.33 0
0.67 0.33 0
0.67 0.33 0
0.67 0.33 0
</Weights>
            </BorderPart>
        </Border>
        <Border Name="vogt4" Red="0.207843" Green="0.145098" Blue="0.156863">
            <BorderPart Closed="True">
                <Vertices>140799 139864 140800
140799 140800 139864
141717 140800 140799
141717 141718 140800
141717 142694 142693
142693 142694 141717
143711 142694 142693
143711 143712 142694
143711 144755 144754
144754 144755 143711
144769 144755 144754
144770 144755 144769
144770 145747 144755
144770 145762 145747
145761 145762 144770
146739 145762 145761
146739 146740 145762
146739 147703 147702
147702 147703 146739
147702 148609 148608
148608 148609 147702
149449 148609 148608
149450 148609 149438
149450 149438 148609
149449 149438 149437
149437 149438 149449
149437 150218 150217
150217 150218 149437
150217 150978 150977
150977 150978 150217
150958 150978 150977
150958 150959 150978
151690 150959 150958
151690 151691 150959
151690 151674 151691
152389 151674 151690
152369 151674 151675
152369 151675 151674
152369 152370 151675
153143 152370 152369
153144 152370 153143
153144 152371 152370
153145 152371 153124
153124 152371 152355
153124 152355 153125
153124 153125 152355
153944 153125 153124
153944 153945 153125
153944 153931 153930
153930 153931 153944
153930 154763 154762
153930 154762 153929
153929 154762 153930
153943 154762 153929
154777 154762 153943
154776 154762 154761
154776 154761 154762
154776 155528 154761
155544 155528 154776
155544 155527 155528
155544 155543 154775
154775 155543 154774
154774 155543 155542
154774 155542 154773
154773 155542 155541
155541 155542 154773
155541 156263 156262
155541 156262 155540
155540 156262 155541
155540 156277 155557
155557 156277 155540
155557 156293 155569
155569 156293 155557
155569 156294 155570
155570 156294 155569
155570 156295 155571
155571 156295 155570
155571 156296 155572
155571 155572 154805
154805 155572 155571
154806 155572 154805
154806 155573 155572
154807 155573 154806
154807 155574 155573
154821 155574 154807
155585 155574 154821
155585 156307 155574
155585 156317 155596
155596 156317 155585
156334 156317 155596
156334 156333 155609
155609 156333 156334
156347 156333 155609
156347 156346 155626
155626 156346 155625
155625 156346 156345
155625 156345 156346
156355 156345 155625
156355 156354 155636
155636 156354 155635
155635 156354 156353
155635 156353 156354
155635 156367 155649
155649 156367 155635
155648 156367 156366
155648 156366 156367
156377 156366 155648
156377 157108 156366
156377 157116 157108
156377 157115 156376
156376 157115 156377
156385 157115 156376
157122 157115 156385
157122 157960 157115
157969 157960 157122
157970 157960 157969
157970 157961 157960
157970 158856 157961
158857 158856 157970
158857 158850 157962
157962 158850 158851
158851 158850 157962
158851 158842 157953
157953 158842 158843
158843 158842 157953
158843 159731 158842
158843 159732 159723
159723 159732 158843
159723 160547 159724
159724 160547 159723
159724 160548 160537
159724 160537 159714
159714 160537 159715
159714 159715 159724
159724 159715 159714
159725 159715 158834
158834 159715 158822
158834 158822 158823
158834 158823 158822
158834 158835 157948
157948 158835 157949
157949 158835 157938
157949 157938 157098
157098 157938 157939
157098 157939 157099
157098 157099 156357
156357 157099 157098
156357 156358 155639
155639 156358 155640
155639 155640 154869
155639 154869 154868
155639 154868 154869
154881 154868 154041
154881 154041 154868
154881 154057 154041
154056 154057 154070
154070 154057 153242
153242 154057 154058
153242 154058 153243
153242 153243 152470
153242 152470 152469
152469 152470 151774
151774 152470 151775
151774 151775 151046
151046 151775 151759
151046 151759 151034
151046 151034 150272
151046 150272 151034
150283 150272 150271
150271 150272 149487
150271 149487 149486
150271 149486 149487
149498 149486 148656
149498 148656 149486
149497 148656 148655
149497 148655 148656
149497 148662 148655
149507 148662 149497
149507 149506 148662
150294 149506 149507
149518 149506 148672
149518 148672 149506
149517 148672 148671
149517 148671 148672
149517 148681 148671
149527 148681 149517
149526 148681 148680
149526 148680 148681
148689 148680 147765
148689 147765 148680
148689 147774 147765
148689 147773 147774
148688 147773 148689
148698 147773 148688
148698 147784 147773
148707 147784 148698
148707 147794 147784
148707 147793 147794
148706 147793 148707
148714 147793 148706
147803 147793 146834
147803 146834 147793
147803 146843 146834
147803 146842 146843
147802 146842 146841
146841 146842 145889
145889 146842 145890
145889 145890 145879
145889 145879 145878
145878 145879 145868
145868 145879 145869
145868 145869 145879
146824 145869 145861
146824 145861 145869
146814 145861 145852
145852 145861 144865
145852 144865 144856
145852 144856 145853
145853 144856 145852
144857 144856 143826
143826 144856 143825
143826 143825 142809
143826 142809 143815
143815 142809 142796
143815 142796 143802
143802 142796 142785
143802 142785 143788
143788 142785 142772
143788 142772 142758
142758 142772 141775
142758 141775 141776
142758 141776 141775
142758 142759 141776
142745 142759 142746
142746 142759 141759
142746 141759 141760
142746 141760 141759
142747 141760 141744
141744 141760 140821
141744 140821 141745
141744 141745 140821
141730 141745 141731
141731 141745 140810
141731 140810 140799
140799 140810 139864
</Vertices>
                <Weights>0.67 0.33 0
0.67 0.33 0
0.67 0.33 0
0.67 0.33 0
0.67 0.33 0
0.67 0.33 0
0.67 0.33 0
0.67 0.33 0
0.67 0.33 0
0.67 0.33 0
0.67 0.33 0
0.67 0.33 0
0.67 0.33 0
0.67 0.33 0
0.67 0.33 0
0.67 0.33 0
0.67 0.33 0
0.67 0.33 0
0.67 0.33 0
0.67 0.33 0
0.67 0.33 0
0.67 0.33 0
0.67 0.33 0
0.67 0.33 0
0.67 0.33 0
0.67 0.33 0
0.67 0.33 0
0.67 0.33 0
0.67 0.33 0
0.67 0.33 0
0.67 0.33 0
0.67 0.33 0
0.67 0.33 0
0.67 0.33 0
0.67 0.33 0
0.67 0.33 0
0.67 0.33 0
0.67 0.33 0
0.67 0.33 0
0.67 0.33 0
0.67 0.33 0
0.67 0.33 0
0.67 0.33 0
0.67 0.33 0
0.67 0.33 0
0.67 0.33 0
0.67 0.33 0
0.67 0.33 0
0.67 0.33 0
0.67 0.33 0
0.67 0.33 0
0.67 0.33 0
0.67 0.33 0
0.67 0.33 0
0.67 0.33 0
0.67 0.33 0
0.67 0.33 0
0.67 0.33 0
0.67 0.33 0
0.67 0.33 0
0.67 0.33 0
0.67 0.33 0
0.67 0.33 0
0.67 0.33 0
0.67 0.33 0
0.67 0.33 0
0.67 0.33 0
0.67 0.33 0
0.67 0.33 0
0.67 0.33 0
0.67 0.33 0
0.67 0.33 0
0.67 0.33 0
0.67 0.33 0
0.67 0.33 0
0.67 0.33 0
0.67 0.33 0
0.67 0.33 0
0.67 0.33 0
0.67 0.33 0
0.67 0.33 0
0.67 0.33 0
0.67 0.33 0
0.67 0.33 0
0.67 0.33 0
0.67 0.33 0
0.67 0.33 0
0.67 0.33 0
0.67 0.33 0
0.67 0.33 0
0.67 0.33 0
0.67 0.33 0
0.67 0.33 0
0.67 0.33 0
0.67 0.33 0
0.67 0.33 0
0.67 0.33 0
0.67 0.33 0
0.67 0.33 0
0.67 0.33 0
0.67 0.33 0
0.67 0.33 0
0.67 0.33 0
0.67 0.33 0
0.67 0.33 0
0.67 0.33 0
0.67 0.33 0
0.67 0.33 0
0.67 0.33 0
0.67 0.33 0
0.67 0.33 0
0.67 0.33 0
0.67 0.33 0
0.67 0.33 0
0.67 0.33 0
0.67 0.33 0
0.67 0.33 0
0.67 0.33 0
0.67 0.33 0
0.67 0.33 0
0.67 0.33 0
0.67 0.33 0
0.67 0.33 0
0.67 0.33 0
0.67 0.33 0
0.67 0.33 0
0.67 0.33 0
0.67 0.33 0
0.67 0.33 0
0.67 0.33 0
0.67 0.33 0
0.67 0.33 0
0.67 0.33 0
0.67 0.33 0
0.67 0.33 0
0.67 0.33 0
0.67 0.33 0
0.67 0.33 0
0.67 0.33 0
0.67 0.33 0
0.67 0.33 0
0.67 0.33 0
0.67 0.33 0
0.67 0.33 0
0.67 0.33 0
0.67 0.33 0
0.67 0.33 0
0.67 0.33 0
0.67 0.33 0
0.67 0.33 0
0.67 0.33 0
0.67 0.33 0
0.67 0.33 0
0.67 0.33 0
0.67 0.33 0
0.67 0.33 0
0.67 0.33 0
0.67 0.33 0
0.67 0.33 0
0.67 0.33 0
0.67 0.33 0
0.67 0.33 0
0.67 0.33 0
0.67 0.33 0
0.67 0.33 0
0.67 0.33 0
0.67 0.33 0
0.67 0.33 0
0.67 0.33 0
0.67 0.33 0
0.67 0.33 0
0.67 0.33 0
0.67 0.33 0
0.67 0.33 0
0.67 0.33 0
0.67 0.33 0
0.67 0.33 0
0.67 0.33 0
0.67 0.33 0
0.67 0.33 0
0.67 0.33 0
0.67 0.33 0
0.67 0.33 0
0.67 0.33 0
0.67 0.33 0
0.67 0.33 0
0.67 0.33 0
0.67 0.33 0
0.67 0.33 0
0.67 0.33 0
0.67 0.33 0
0.67 0.33 0
0.67 0.33 0
0.67 0.33 0
0.67 0.33 0
0.67 0.33 0
0.67 0.33 0
0.67 0.33 0
0.67 0.33 0
0.67 0.33 0
0.67 0.33 0
0.67 0.33 0
0.67 0.33 0
0.67 0.33 0
0.67 0.33 0
0.67 0.33 0
0.67 0.33 0
0.67 0.33 0
0.67 0.33 0
0.67 0.33 0
0.67 0.33 0
0.67 0.33 0
0.67 0.33 0
0.67 0.33 0
0.67 0.33 0
0.67 0.33 0
0.67 0.33 0
0.67 0.33 0
0.67 0.33 0
0.67 0.33 0
0.67 0.33 0
0.67 0.33 0
0.67 0.33 0
0.67 0.33 0
0.67 0.33 0
0.67 0.33 0
0.67 0.33 0
0.67 0.33 0
0.67 0.33 0
0.67 0.33 0
0.67 0.33 0
0.67 0.33 0
0.67 0.33 0
0.67 0.33 0
0.67 0.33 0
0.67 0.33 0
0.67 0.33 0
0.67 0.33 0
0.67 0.33 0
0.67 0.33 0
0.67 0.33 0
0.67 0.33 0
0.67 0.33 0
0.67 0.33 0
0.67 0.33 0
</Weights>
            </BorderPart>
        </Border>
        <Border Name="vogt5" Red="0.207843" Green="0.145098" Blue="0.156863">
            <BorderPart Closed="True">
                <Vertices>138928 138910 138911
138928 138911 138910
138929 138911 138912
138929 138912 137916
138929 137916 137935
138929 137935 137916
138929 138930 137935
139861 138930 138929
139868 138930 138945
139868 138945 138930
139869 138945 138946
139869 138946 138945
139876 138946 138952
139876 138952 138946
139883 138952 138960
139883 138960 138952
138959 138960 138969
138959 138969 138960
138959 138968 138969
139894 138968 138959
139910 138968 138978
139910 138978 138968
139910 139909 138978
140861 139909 139910
140877 139909 139924
140877 139924 139909
140877 140891 139924
141803 140891 140877
141802 140891 140890
141802 140890 140891
141802 141812 140890
142799 141812 141802
142813 141812 141825
142813 141825 141812
142813 142812 141825
143829 142812 142813
143829 142818 142812
143837 142818 143829
143837 142824 142818
143844 142824 143837
142833 142824 142825
142833 142825 142824
142834 142825 141851
142834 141851 142825
142834 141852 141851
142834 142835 141852
143855 142835 142834
143856 142835 143845
143856 143845 142835
143856 143846 143845
143856 143857 143846
144886 143857 143856
144886 144887 143857
144876 144887 143846
144876 143846 143847
144876 143847 143846
144876 144877 143847
144876 145875 145874
145874 145875 144876
146830 145875 145874
146830 146831 145875
147789 146831 146830
147790 146831 146832
147790 146832 146820
147790 146820 147778
147790 147778 146820
147790 148703 147778
147789 148703 147790
148702 148703 147789
149548 148703 148702
149549 148703 149539
149549 149539 148703
150326 149539 149540
150326 149540 149539
150327 149540 150320
150327 150320 149540
151090 150320 151083
151083 150320 150312
151083 150312 151076
151076 150312 150298
151076 150298 151063
151063 150298 151064
151063 151064 150298
151050 151064 150286
151050 150286 151051
151050 151051 150286
151039 151051 151050
151040 151051 151039
151040 151052 151051
151765 151052 151040
151765 151780 151052
151765 151781 151780
151765 151766 151781
152460 151766 151765
152460 152474 151766
153237 152474 152460
153237 153246 152474
153237 154061 153246
154049 154061 153237
154049 154062 154061
154049 154050 154062
154875 154050 154049
154875 154885 154050
155645 154885 154875
155645 155657 154885
155645 155658 155657
155646 155658 155645
155646 155659 155658
155646 155647 155659
156365 155647 155634
156365 155634 156352
156352 155634 155617
155617 155634 155616
155617 155616 155598
155598 155616 154845
155598 154845 154832
155598 154832 155597
155598 155597 154832
155598 155586 155587
155587 155586 155575
155587 155575 155576
155576 155575 154810
155576 154810 154793
155576 154793 155558
155558 154793 154794
155558 154794 154793
155559 154794 154779
155559 154779 155545
155559 155545 154779
156267 155545 156253
156253 155545 155533
156253 155533 156254
156253 156254 155533
156253 156990 156989
156989 156990 156253
156989 157832 156990
157831 157832 156989
157831 158725 158724
157831 158724 157830
157830 158724 157831
157845 158724 157830
158739 158724 157845
158739 159617 158724
158739 159632 159617
159631 159632 158739
159631 159616 159632
159631 160456 159616
159630 160456 159631
159630 160455 160456
160469 160455 159630
160469 161177 160455
161192 161177 160469
161192 161883 161177
161192 161882 161191
161191 161882 161192
161191 161893 161882
161203 161893 161191
161894 161893 161203
161904 161893 161894
162569 161893 162556
162569 162556 161893
162569 163218 162556
163230 163218 162569
163230 163229 163218
163230 163813 163229
163828 163813 163230
163827 163813 163812
163827 163812 163813
163827 164381 163812
163827 164396 164381
163841 164396 163827
163841 164395 163840
163841 163840 163262
163262 163840 163261
163261 163840 163826
163826 163840 163261
163826 163839 163825
163826 163825 163245
163245 163825 163244
163245 163244 162595
162595 163244 162594
162594 163244 162595
162594 163243 162593
162593 163243 162594
162593 163242 163243
163260 163242 162593
163260 163259 162609
163260 162609 162610
162610 162609 162617
162617 162609 162616
162617 162616 162609
162617 162629 161955
161955 162629 162617
161961 162629 161955
162637 162629 161961
162637 162628 162636
162637 162636 162628
162637 162645 161969
161969 162645 162637
161969 161968 161974
161974 161968 161973
161973 161968 161974
161973 162644 161968
161973 162649 162644
161978 162649 161973
161978 162653 162649
161977 162653 161978
161977 162652 162653
161983 162652 161977
161983 162658 162652
161982 162658 161983
161982 162657 161981
161981 162657 161982
161981 162656 161980
161981 161980 161297
161297 161980 161296
161296 161980 161976
161296 161976 161292
161292 161976 161971
161292 161971 161288
161288 161971 161289
161289 161971 161288
161289 161972 161967
161289 161967 161284
161284 161967 161960
161960 161967 161284
161960 162643 161967
161960 162635 161954
161960 161954 161276
161276 161954 161268
161268 161954 161953
161268 161953 161267
161268 161267 161257
161257 161267 161256
161257 161256 160531
160531 161256 160530
160531 160530 160540
160540 160530 160539
160540 160539 159717
159717 160539 159716
159716 160539 160538
159716 160538 159715
159715 160538 160537
159715 160537 159714
159715 159714 159724
159715 159724 159714
159715 159725 158834
159715 158834 158822
158822 158834 158823
158823 158834 158822
158835 158834 157948
158835 157948 157949
158835 157949 157938
157938 157949 157098
157938 157098 157939
157939 157098 157099
157099 157098 156357
157099 156357 157098
156358 156357 155639
156358 155639 155640
155640 155639 154869
154869 155639 154868
154868 155639 154869
154868 154881 154041
154041 154881 154868
154057 154881 154041
154057 154056 154070
154057 154070 153242
154057 153242 154058
154058 153242 153243
153243 153242 152470
152470 153242 152469
152470 152469 151774
152470 151774 151775
151775 151774 151046
151775 151046 151759
151759 151046 151034
151034 151046 150272
150272 151046 151034
150272 150283 150271
150272 150271 149487
149487 150271 149486
149486 150271 149487
149486 149498 148656
149486 148656 148647
148647 148656 147735
147735 148656 148647
147735 147742 146774
146774 147742 147735
146774 146780 146779
146774 146779 146773
146773 146779 145808
146773 145808 145809
145809 145808 144812
144812 145808 144811
144812 144811 143778
143778 144811 143777
143778 143777 143763
143763 143777 143762
143763 143762 142748
143763 142748 142749
143763 142749 143746
143746 142749 142731
143746 142731 143747
143746 143747 142731
144786 143747 143746
144787 143747 144786
143748 143747 143732
143748 143732 143747
144771 143732 143733
143733 143732 143714
143714 143732 142715
143714 142715 142695
143714 142695 143715
143715 142695 142696
142696 142695 141720
