<?xml version="1.0" encoding="UTF-8"?>
<BorderFile Version="3" Structure="CORTEX_RIGHT" SurfaceNumberOfVertices="168868">
    <MetaData>
        <MD>
            <Name>ParentProvenance</Name>
            <Value>../02_data/Final/maps/Surface/Freesurfer_COLIN27/gii/parcellation/nieuwenhuys_parcellation_on_colin27_rh_glasser_colormap.label.gii:
/local_raid1/01_software/workbench/bin_linux64/../exe_linux64/wb_command -metric-label-import /local_raid1/03_user/seokjun/01_project/08_Vogt_Vogt_mapping/01_analysis/nieuwenhuys_parcellation_on_colin27_rh.gii /local_raid1/03_user/seokjun/01_project/08_Vogt_Vogt_mapping/01_analysis//label_vogt_vogt_glasser_colormap.txt /local_raid1/03_user/seokjun/01_project/08_Vogt_Vogt_mapping/02_data/Final/maps/Surface/Freesurfer_COLIN27/gii/parcellation/nieuwenhuys_parcellation_on_colin27_rh_glasser_colormap.label.gii -drop-unused-labels

</Value>
        </MD>
        <MD>
            <Name>ProgramProvenance</Name>
            <Value>Connectome Workbench
Type: Command Line Application
Version: 1.4.2
Qt Compiled Version: 5.7.0
Qt Runtime Version: 5.7.0
Commit: 092b7f2f7dfab0f9ea7cbb6c1db2e5dffd2c1045
Commit Date: 2020-01-07 17:24:23 -0600
Compiled with OpenMP: YES
Compiler: g++ (/home/caret/gcc/install/gcc-4.8.5/bin)
Compiler Version: 4.8.5
Compiled Debug: NO
Operating System: Linux
</Value>
        </MD>
        <MD>
            <Name>Provenance</Name>
            <Value>/local_raid1/01_software/workbench/bin_linux64/../exe_linux64/wb_command -label-to-border ../02_data/Final/cortical_surface/COLIN27_FS/rh.pial.surf.gii ../02_data/Final/maps/Surface/Freesurfer_COLIN27/gii/parcellation/nieuwenhuys_parcellation_on_colin27_rh_glasser_colormap.label.gii ../02_data/Final/maps/Surface/Freesurfer_COLIN27/gii/parcellation/nieuwenhuys_parcellation_on_colin27_rh_glasser_colormap.border</Value>
        </MD>
        <MD>
            <Name>WorkingDirectory</Name>
            <Value>/local_raid1/03_user/seokjun/01_project/08_Vogt_Vogt_mapping/01_analysis</Value>
        </MD>
    </MetaData>
    <Class Name="#1" Red="0" Green="0" Blue="0">
        <Border Name="vogt1" Red="0.0784314" Green="0.0196078" Blue="0">
            <BorderPart Closed="True">
                <Vertices>153485 153484 153494
153485 153494 153484
153485 153495 153494
153485 153486 153495
154210 153486 153485
154210 154211 153486
154979 154211 154210
154979 154980 154211
154979 155754 155743
155743 155754 154979
155743 155755 155754
155743 155744 155730
155743 155730 155744
156498 155730 156486
156486 155730 155726
156486 155726 156477
156486 156477 155726
157225 156477 157212
157225 157212 156477
157226 157212 157213
157213 157212 157205
157213 157205 157206
157206 157205 157194
157206 157194 157195
157206 157195 157194
157930 157195 157929
157930 157929 157195
157930 157915 157929
157930 158657 157915
158671 158657 157930
158671 159370 158657
158671 159387 159370
158670 159387 158671
158670 159386 158669
158669 159386 158670
158669 159385 158668
158668 159385 158669
159384 159385 158668
159384 159368 159367
159367 159368 159351
159367 159351 159350
159350 159351 159336
159350 159336 159351
160053 159336 160039
160053 160039 159336
160052 160039 160038
160052 160038 160051
160051 160038 160037
160051 160037 160038
160051 160748 160037
160051 160762 160748
160761 160762 160051
160761 160747 160762
160761 161388 160747
161398 161388 160761
161397 161388 161387
161397 161387 161388
161397 162039 161387
162049 162039 161397
162049 162623 162039
162632 162623 162049
163168 162623 163159
163168 163159 162623
163693 163159 163694
163693 163694 163159
164186 163694 164172
164186 164172 163694
164690 164172 164678
164690 164678 164172
165175 164678 165168
165175 165168 164678
165175 165635 165168
165638 165635 165175
165638 166067 165635
165638 166071 166067
165642 166071 165638
165642 166076 166071
165646 166076 165642
165646 166077 166076
165647 166077 165646
166091 166077 165647
166091 166078 166077
166091 166092 166078
166105 166092 166091
166105 166106 165674
165674 166106 166105
165674 165675 165688
165688 165675 165674
165688 166107 165675
165688 166117 166107
165688 165689 165700
165700 165689 165688
165700 166118 165689
165700 166128 166118
165701 166128 165700
165701 166129 166128
165701 165702 165722
165722 165702 165701
165722 166130 165702
165722 166140 166130
165723 166140 165722
165723 166141 166140
165738 166141 165723
165738 166158 166141
165744 166158 165738
165744 166168 166158
165753 166168 165744
165753 166175 166168
165753 165760 165752
165752 165760 165753
165752 165759 165298
165298 165759 165752
165297 165759 165298
165297 165758 165296
165296 165758 165297
165296 165757 165295
165295 165757 165296
165295 165756 165757
165305 165756 165295
165305 165768 165756
165305 165304 164798
164798 165304 165305
164806 165304 164798
164806 165313 165304
164806 164820 164821
164821 164820 164806
164821 165319 164820
164821 165320 165319
164838 165320 164821
164838 165328 165320
164839 165328 164838
164839 165329 165328
164854 165329 164839
164854 165339 165329
164855 165339 164854
164855 165340 165339
164866 165340 164855
164866 165349 165340
164867 165349 164866
164867 165350 165349
164867 165358 165350
164876 165358 164867
164876 165360 165358
164879 165360 164876
164879 165363 165360
164883 165363 164879
164883 165367 165363
164883 164888 164882
164882 164888 164883
164887 164888 164882
164887 165367 164888
164887 165366 165367
164887 165371 165366
164887 164893 164886
164886 164893 164887
164892 164893 164886
164896 164893 164892
164896 164897 164893
164896 165374 165373
164896 165373 164895
164895 165373 165369
164895 165369 164891
164895 164891 164894
164894 164891 164890
164890 164891 164894
164890 165369 164891
164890 165368 164885
164890 164885 164884
164890 164884 164889
164889 164884 164368
164368 164884 164362
164368 164362 164361
164361 164362 163879
163879 164362 164361
163879 163880 163873
163873 163880 163879
163873 163874 163869
163873 163869 163357
163357 163869 163348
163357 163348 163347
163347 163348 163334
163347 163334 162784
162784 163334 162776
162784 162776 162197
162197 162776 162196
162196 162776 162197
162196 162775 162181
162196 162181 162180
162196 162180 162195
162195 162180 161555
161555 162180 161539
161555 161539 161554
161554 161539 161538
161554 161538 160905
161554 160905 161538
161554 160916 160905
161566 160916 161554
161566 160926 160916
161578 160926 161566
161578 160935 160926
161578 161589 160935
161579 161589 161578
161590 161589 161579
161590 162224 161589
162225 162224 161590
162230 162224 162229
162230 162229 162224
162239 162229 162238
162238 162229 161602
162238 161602 162229
162238 161608 161602
162245 161608 162238
161611 161608 161609
161611 161609 161608
161612 161609 160961
161612 160961 161609
161612 160962 160961
161613 160962 161612
161613 160965 160962
161616 160965 161613
160966 160965 160272
160966 160272 160273
160966 160273 160272
160968 160273 160276
160968 160276 160273
160969 160276 160277
160969 160277 160276
160972 160277 160280
160972 160280 160277
160973 160280 160281
160973 160281 160280
160975 160281 160283
160975 160283 160281
160976 160283 160284
160284 160283 159598
160284 159598 160283
159599 159598 159596
159596 159598 159595
159596 159595 159591
159591 159595 159590
159591 159590 159595
160278 159590 160275
160275 159590 159587
160275 159587 160274
160274 159587 159586
160274 159586 160270
160270 159586 159583
160270 159583 160263
160263 159583 159576
160263 159576 160262
160262 159576 159575
160262 159575 160251
160251 159575 159564
160251 159564 159565
159565 159564 159556
159565 159556 159564
160242 159556 160235
160235 159556 159548
159548 159556 158830
159548 158830 159549
159549 158830 158831
159549 158831 158830
159550 158831 158832
159550 158832 158831
159557 158832 158838
159557 158838 158832
159558 158838 158839
159558 158839 158838
159559 158839 158840
158840 158839 158850
158840 158850 158839
159566 158850 158840
159577 158850 158860
158860 158850 158120
158860 158120 158850
158860 158121 158120
158861 158121 158860
158861 158127 158121
158867 158127 158861
158867 158128 158127
158868 158128 158867
158129 158128 157385
158129 157385 157386
158129 157386 157379
157379 157386 156633
157379 156633 156627
156627 156633 155897
156627 155897 155896
155896 155897 155129
155896 155129 155128
155896 155128 155888
155888 155128 155118
155888 155118 155876
155876 155118 155106
155876 155106 155860
155860 155106 155091
155860 155091 155853
155853 155091 155082
155853 155082 155845
155845 155082 155072
155845 155072 155844
155844 155072 155071
155844 155071 155832
155832 155071 155054
155054 155071 155070
155054 155070 155053
155053 155070 155069
155053 155069 155052
155053 155052 155069
155830 155052 155829
155829 155052 155051
155829 155051 155812
155812 155051 155031
155031 155051 155050
155031 155050 155030
155031 155030 155050
155811 155030 155810
155810 155030 155029
155810 155029 155786
155786 155029 155012
155786 155012 155785
155785 155012 155011
155011 155012 154245
155011 154245 155003
155003 154245 154232
155003 154232 154989
154989 154232 154218
154989 154218 154990
154990 154218 154219
154990 154219 154218
154991 154219 154220
154991 154220 154975
154975 154220 154207
154207 154220 154221
154207 154221 154220
154208 154221 153483
154208 153483 153484
154208 153484 153483
154209 153484 154208
</Vertices>
                <Weights>0.67 0.33 0
0.67 0.33 0
0.67 0.33 0
0.67 0.33 0
0.67 0.33 0
0.67 0.33 0
0.67 0.33 0
0.67 0.33 0
0.67 0.33 0
0.67 0.33 0
0.67 0.33 0
0.67 0.33 0
0.67 0.33 0
0.67 0.33 0
0.67 0.33 0
0.67 0.33 0
0.67 0.33 0
0.67 0.33 0
0.67 0.33 0
0.67 0.33 0
0.67 0.33 0
0.67 0.33 0
0.67 0.33 0
0.67 0.33 0
0.67 0.33 0
0.67 0.33 0
0.67 0.33 0
0.67 0.33 0
0.67 0.33 0
0.67 0.33 0
0.67 0.33 0
0.67 0.33 0
0.67 0.33 0
0.67 0.33 0
0.67 0.33 0
0.67 0.33 0
0.67 0.33 0
0.67 0.33 0
0.67 0.33 0
0.67 0.33 0
0.67 0.33 0
0.67 0.33 0
0.67 0.33 0
0.67 0.33 0
0.67 0.33 0
0.67 0.33 0
0.67 0.33 0
0.67 0.33 0
0.67 0.33 0
0.67 0.33 0
0.67 0.33 0
0.67 0.33 0
0.67 0.33 0
0.67 0.33 0
0.67 0.33 0
0.67 0.33 0
0.67 0.33 0
0.67 0.33 0
0.67 0.33 0
0.67 0.33 0
0.67 0.33 0
0.67 0.33 0
0.67 0.33 0
0.67 0.33 0
0.67 0.33 0
0.67 0.33 0
0.67 0.33 0
0.67 0.33 0
0.67 0.33 0
0.67 0.33 0
0.67 0.33 0
0.67 0.33 0
0.67 0.33 0
0.67 0.33 0
0.67 0.33 0
0.67 0.33 0
0.67 0.33 0
0.67 0.33 0
0.67 0.33 0
0.67 0.33 0
0.67 0.33 0
0.67 0.33 0
0.67 0.33 0
0.67 0.33 0
0.67 0.33 0
0.67 0.33 0
0.67 0.33 0
0.67 0.33 0
0.67 0.33 0
0.67 0.33 0
0.67 0.33 0
0.67 0.33 0
0.67 0.33 0
0.67 0.33 0
0.67 0.33 0
0.67 0.33 0
0.67 0.33 0
0.67 0.33 0
0.67 0.33 0
0.67 0.33 0
0.67 0.33 0
0.67 0.33 0
0.67 0.33 0
0.67 0.33 0
0.67 0.33 0
0.67 0.33 0
0.67 0.33 0
0.67 0.33 0
0.67 0.33 0
0.67 0.33 0
0.67 0.33 0
0.67 0.33 0
0.67 0.33 0
0.67 0.33 0
0.67 0.33 0
0.67 0.33 0
0.67 0.33 0
0.67 0.33 0
0.67 0.33 0
0.67 0.33 0
0.67 0.33 0
0.67 0.33 0
0.67 0.33 0
0.67 0.33 0
0.67 0.33 0
0.67 0.33 0
0.67 0.33 0
0.67 0.33 0
0.67 0.33 0
0.67 0.33 0
0.67 0.33 0
0.67 0.33 0
0.67 0.33 0
0.67 0.33 0
0.67 0.33 0
0.67 0.33 0
0.67 0.33 0
0.67 0.33 0
0.67 0.33 0
0.67 0.33 0
0.67 0.33 0
0.67 0.33 0
0.67 0.33 0
0.67 0.33 0
0.67 0.33 0
0.67 0.33 0
0.67 0.33 0
0.67 0.33 0
0.67 0.33 0
0.67 0.33 0
0.67 0.33 0
0.67 0.33 0
0.67 0.33 0
0.67 0.33 0
0.67 0.33 0
0.67 0.33 0
0.67 0.33 0
0.67 0.33 0
0.67 0.33 0
0.67 0.33 0
0.67 0.33 0
0.67 0.33 0
0.67 0.33 0
0.67 0.33 0
0.67 0.33 0
0.67 0.33 0
0.67 0.33 0
0.67 0.33 0
0.67 0.33 0
0.67 0.33 0
0.67 0.33 0
0.67 0.33 0
0.67 0.33 0
0.67 0.33 0
0.67 0.33 0
0.67 0.33 0
0.67 0.33 0
0.67 0.33 0
0.67 0.33 0
0.67 0.33 0
0.67 0.33 0
0.67 0.33 0
0.67 0.33 0
0.67 0.33 0
0.67 0.33 0
0.67 0.33 0
0.67 0.33 0
0.67 0.33 0
0.67 0.33 0
0.67 0.33 0
0.67 0.33 0
0.67 0.33 0
0.67 0.33 0
0.67 0.33 0
0.67 0.33 0
0.67 0.33 0
0.67 0.33 0
0.67 0.33 0
0.67 0.33 0
0.67 0.33 0
0.67 0.33 0
0.67 0.33 0
0.67 0.33 0
0.67 0.33 0
0.67 0.33 0
0.67 0.33 0
0.67 0.33 0
0.67 0.33 0
0.67 0.33 0
0.67 0.33 0
0.67 0.33 0
0.67 0.33 0
0.67 0.33 0
0.67 0.33 0
0.67 0.33 0
0.67 0.33 0
0.67 0.33 0
0.67 0.33 0
0.67 0.33 0
0.67 0.33 0
0.67 0.33 0
0.67 0.33 0
0.67 0.33 0
0.67 0.33 0
0.67 0.33 0
0.67 0.33 0
0.67 0.33 0
0.67 0.33 0
0.67 0.33 0
0.67 0.33 0
0.67 0.33 0
0.67 0.33 0
0.67 0.33 0
0.67 0.33 0
0.67 0.33 0
0.67 0.33 0
0.67 0.33 0
0.67 0.33 0
0.67 0.33 0
0.67 0.33 0
0.67 0.33 0
0.67 0.33 0
0.67 0.33 0
0.67 0.33 0
0.67 0.33 0
0.67 0.33 0
0.67 0.33 0
0.67 0.33 0
0.67 0.33 0
0.67 0.33 0
0.67 0.33 0
0.67 0.33 0
0.67 0.33 0
0.67 0.33 0
0.67 0.33 0
0.67 0.33 0
0.67 0.33 0
0.67 0.33 0
0.67 0.33 0
0.67 0.33 0
0.67 0.33 0
0.67 0.33 0
0.67 0.33 0
0.67 0.33 0
0.67 0.33 0
0.67 0.33 0
0.67 0.33 0
0.67 0.33 0
0.67 0.33 0
0.67 0.33 0
0.67 0.33 0
0.67 0.33 0
0.67 0.33 0
0.67 0.33 0
0.67 0.33 0
0.67 0.33 0
0.67 0.33 0
0.67 0.33 0
0.67 0.33 0
0.67 0.33 0
0.67 0.33 0
0.67 0.33 0
0.67 0.33 0
0.67 0.33 0
0.67 0.33 0
0.67 0.33 0
0.67 0.33 0
0.67 0.33 0
0.67 0.33 0
0.67 0.33 0
0.67 0.33 0
0.67 0.33 0
0.67 0.33 0
0.67 0.33 0
0.67 0.33 0
0.67 0.33 0
0.67 0.33 0
0.67 0.33 0
0.67 0.33 0
0.67 0.33 0
0.67 0.33 0
0.67 0.33 0
0.67 0.33 0
0.67 0.33 0
0.67 0.33 0
0.67 0.33 0
0.67 0.33 0
0.67 0.33 0
0.67 0.33 0
0.67 0.33 0
0.67 0.33 0
0.67 0.33 0
0.67 0.33 0
0.67 0.33 0
0.67 0.33 0
0.67 0.33 0
0.67 0.33 0
0.67 0.33 0
0.67 0.33 0
0.67 0.33 0
0.67 0.33 0
0.67 0.33 0
0.67 0.33 0
0.67 0.33 0
0.67 0.33 0
0.67 0.33 0
0.67 0.33 0
0.67 0.33 0
0.67 0.33 0
0.67 0.33 0
0.67 0.33 0
0.67 0.33 0
0.67 0.33 0
0.67 0.33 0
0.67 0.33 0
0.67 0.33 0
0.67 0.33 0
0.67 0.33 0
0.67 0.33 0
</Weights>
            </BorderPart>
        </Border>
        <Border Name="vogt2" Red="0.364706" Green="0.129412" Blue="0.203922">
            <BorderPart Closed="True">
                <Vertices>158657 157915 158649
158657 158649 157915
159354 158649 159340
159354 159340 158649
159339 159340 158637
159339 158637 158636
159339 158636 159338
159338 158636 158635
159338 158635 159323
159323 158635 158618
159323 158618 159322
159323 159322 158618
159323 159306 159307
159307 159306 159288
159307 159288 159289
159289 159288 159307
159289 160000 159271
159289 159271 159290
159290 159271 159272
159272 159271 159290
159272 159988 159271
160001 159988 159272
159989 159988 160001
159989 160700 159988
160701 160700 159989
160701 161344 160700
161345 161344 160701
161345 161983 161344
161996 161983 161345
161996 162585 161983
162593 162585 161996
163135 162585 163123
163135 163123 162585
163135 163655 163123
163664 163655 163135
164141 163655 164130
164141 164130 163655
164141 164643 164130
164658 164643 164141
164658 165149 164643
164658 165162 165149
164657 165162 164658
164657 165161 164656
164656 165161 164657
164656 165160 164655
164655 165160 164656
164655 165159 164654
164654 165159 164655
164654 165158 164653
164653 165158 164654
165157 165158 164653
165157 165628 165158
165157 165627 165156
165156 165627 165157
165156 165626 165155
165155 165626 165156
165155 165625 165626
165168 165625 165155
165168 165635 165625
165168 165175 164678
164678 165175 165168
164678 164690 164172
164172 164690 164678
164172 164186 163694
163694 164186 164172
163694 163693 163159
163159 163693 163694
163159 163168 162623
162623 163168 163159
162623 162632 162049
162623 162049 162039
162039 162049 161397
162039 161397 161387
161387 161397 161388
161388 161397 161387
161388 161398 160761
161388 160761 160747
160747 160761 160762
160762 160761 160051
160762 160051 160748
160748 160051 160037
160037 160051 160038
160038 160051 160037
160038 160052 160051
160039 160052 160038
160039 160053 159336
159336 160053 160039
159336 159350 159351
159351 159350 159336
159351 159367 159350
159368 159367 159351
159368 159384 159367
159385 159384 158668
159385 158668 158669
159385 158669 158668
159386 158669 158670
159386 158670 158669
159387 158670 158671
159387 158671 159370
159370 158671 158657
158657 158671 157930
158657 157930 157915
</Vertices>
                <Weights>0.67 0.33 0
0.67 0.33 0
0.67 0.33 0
0.67 0.33 0
0.67 0.33 0
0.67 0.33 0
0.67 0.33 0
0.67 0.33 0
0.67 0.33 0
0.67 0.33 0
0.67 0.33 0
0.67 0.33 0
0.67 0.33 0
0.67 0.33 0
0.67 0.33 0
0.67 0.33 0
0.67 0.33 0
0.67 0.33 0
0.67 0.33 0
0.67 0.33 0
0.67 0.33 0
0.67 0.33 0
0.67 0.33 0
0.67 0.33 0
0.67 0.33 0
0.67 0.33 0
0.67 0.33 0
0.67 0.33 0
0.67 0.33 0
0.67 0.33 0
0.67 0.33 0
0.67 0.33 0
0.67 0.33 0
0.67 0.33 0
0.67 0.33 0
0.67 0.33 0
0.67 0.33 0
0.67 0.33 0
0.67 0.33 0
0.67 0.33 0
0.67 0.33 0
0.67 0.33 0
0.67 0.33 0
0.67 0.33 0
0.67 0.33 0
0.67 0.33 0
0.67 0.33 0
0.67 0.33 0
0.67 0.33 0
0.67 0.33 0
0.67 0.33 0
0.67 0.33 0
0.67 0.33 0
0.67 0.33 0
0.67 0.33 0
0.67 0.33 0
0.67 0.33 0
0.67 0.33 0
0.67 0.33 0
0.67 0.33 0
0.67 0.33 0
0.67 0.33 0
0.67 0.33 0
0.67 0.33 0
0.67 0.33 0
0.67 0.33 0
0.67 0.33 0
0.67 0.33 0
0.67 0.33 0
0.67 0.33 0
0.67 0.33 0
0.67 0.33 0
0.67 0.33 0
0.67 0.33 0
0.67 0.33 0
0.67 0.33 0
0.67 0.33 0
0.67 0.33 0
0.67 0.33 0
0.67 0.33 0
0.67 0.33 0
0.67 0.33 0
0.67 0.33 0
0.67 0.33 0
0.67 0.33 0
0.67 0.33 0
0.67 0.33 0
0.67 0.33 0
0.67 0.33 0
0.67 0.33 0
0.67 0.33 0
0.67 0.33 0
0.67 0.33 0
0.67 0.33 0
0.67 0.33 0
0.67 0.33 0
0.67 0.33 0
0.67 0.33 0
0.67 0.33 0
0.67 0.33 0
0.67 0.33 0
0.67 0.33 0
</Weights>
            </BorderPart>
        </Border>
        <Border Name="vogt3" Red="0.364706" Green="0.129412" Blue="0.203922">
            <BorderPart Closed="True">
                <Vertices>151203 150379 151202
151203 151202 150379
151995 151202 151983
151983 151202 151190
151983 151190 151982
151983 151982 151190
152747 151982 152746
152747 152746 151982
152747 152729 152730
152730 152729 152747
153441 152729 153440
153441 153440 152729
153434 153440 152728
153434 152728 152725
153434 152725 153433
153434 153433 152725
154151 153433 154150
154151 154150 153433
154916 154150 154900
154900 154150 154143
154900 154143 154899
154899 154143 154142
154899 154142 154885
154899 154885 154142
155704 154885 155698
155698 154885 154884
155698 154884 155697
155698 155697 154884
155698 155691 155692
155692 155691 155698
156443 155691 156438
156438 155691 155688
156438 155688 156435
156438 156435 155688
157164 156435 157158
157158 156435 156430
157158 156430 157153
157158 157153 156430
157159 157153 157154
157159 157154 157153
157159 157859 157154
157159 157872 157859
157160 157872 157159
157873 157872 157160
157873 157859 157860
157873 157860 157859
157874 157860 157861
157874 157861 157860
157874 158597 157861
158598 158597 157874
158598 158581 158597
158598 158582 158581
158599 158582 158598
158583 158582 158599
158583 159285 158582
159286 159285 158583
159286 159269 159270
159286 159270 159269
159286 159997 159270
159286 159998 159997
159287 159998 159286
159287 159999 159998
159288 159999 159287
159288 160000 159999
159288 159289 159307
159288 159307 159289
159306 159307 159288
159306 159323 159307
159322 159323 158618
158618 159323 159322
158635 159323 158618
158635 159338 159323
158636 159338 158635
158636 159339 159338
158637 159339 158636
159340 159339 158637
159340 159354 158649
158649 159354 159340
158649 158657 157915
157915 158657 158649
157915 157930 157929
157929 157930 157195
157195 157930 157929
157195 157206 157194
157194 157206 157195
157205 157206 157194
157205 157213 157206
157212 157213 157205
157212 157226 157213
157212 157225 156477
156477 157225 157212
156477 156486 155726
155726 156486 156477
155730 156486 155726
155730 156498 156486
155730 155743 155744
155744 155743 155730
155755 155743 155754
155754 155743 154979
155754 154979 155743
154980 154979 154211
154211 154979 154210
154211 154210 153486
153486 154210 153485
153486 153485 153495
153495 153485 153494
153495 153494 152780
152780 153494 152779
152780 152779 152022
152022 152779 152021
152022 152021 152034
152034 152021 152033
152034 152033 151240
152034 151240 152033
152034 151241 151240
152035 151241 152034
152035 151242 151241
152036 151242 152035
151243 151242 150430
151243 150430 150431
151243 150431 150430
151243 151261 150431
151244 151261 151243
151244 151262 151261
151245 151262 151244
151245 151263 151262
152039 151263 151245
152039 152053 151263
152040 152053 152039
152040 152054 151264
152040 151264 151246
152040 151246 152025
152025 151246 151230
152025 151230 152015
152015 151230 151223
151223 151230 150403
151223 150403 150402
151223 150402 151222
151222 150402 150401
151222 150401 151221
151221 150401 150400
151221 150400 151220
151220 150400 150392
151220 150392 151213
151213 150392 150391
151213 150391 151212
151212 150391 150390
151212 150390 151211
151211 150390 150389
151211 150389 151210
151210 150389 150388
151210 150388 151209
151209 150388 150380
151209 150380 151203
151203 150380 150379
</Vertices>
                <Weights>0.67 0.33 0
0.67 0.33 0
0.67 0.33 0
0.67 0.33 0
0.67 0.33 0
0.67 0.33 0
0.67 0.33 0
0.67 0.33 0
0.67 0.33 0
0.67 0.33 0
0.67 0.33 0
0.67 0.33 0
0.67 0.33 0
0.67 0.33 0
0.67 0.33 0
0.67 0.33 0
0.67 0.33 0
0.67 0.33 0
0.67 0.33 0
0.67 0.33 0
0.67 0.33 0
0.67 0.33 0
0.67 0.33 0
0.67 0.33 0
0.67 0.33 0
0.67 0.33 0
0.67 0.33 0
0.67 0.33 0
0.67 0.33 0
0.67 0.33 0
0.67 0.33 0
0.67 0.33 0
0.67 0.33 0
0.67 0.33 0
0.67 0.33 0
0.67 0.33 0
0.67 0.33 0
0.67 0.33 0
0.67 0.33 0
0.67 0.33 0
0.67 0.33 0
0.67 0.33 0
0.67 0.33 0
0.67 0.33 0
0.67 0.33 0
0.67 0.33 0
0.67 0.33 0
0.67 0.33 0
0.67 0.33 0
0.67 0.33 0
0.67 0.33 0
0.67 0.33 0
0.67 0.33 0
0.67 0.33 0
0.67 0.33 0
0.67 0.33 0
0.67 0.33 0
0.67 0.33 0
0.67 0.33 0
0.67 0.33 0
0.67 0.33 0
0.67 0.33 0
0.67 0.33 0
0.67 0.33 0
0.67 0.33 0
0.67 0.33 0
0.67 0.33 0
0.67 0.33 0
0.67 0.33 0
0.67 0.33 0
0.67 0.33 0
0.67 0.33 0
0.67 0.33 0
0.67 0.33 0
0.67 0.33 0
0.67 0.33 0
0.67 0.33 0
0.67 0.33 0
0.67 0.33 0
0.67 0.33 0
0.67 0.33 0
0.67 0.33 0
0.67 0.33 0
0.67 0.33 0
0.67 0.33 0
0.67 0.33 0
0.67 0.33 0
0.67 0.33 0
0.67 0.33 0
0.67 0.33 0
0.67 0.33 0
0.67 0.33 0
0.67 0.33 0
0.67 0.33 0
0.67 0.33 0
0.67 0.33 0
0.67 0.33 0
0.67 0.33 0
0.67 0.33 0
0.67 0.33 0
0.67 0.33 0
0.67 0.33 0
0.67 0.33 0
0.67 0.33 0
0.67 0.33 0
0.67 0.33 0
0.67 0.33 0
0.67 0.33 0
0.67 0.33 0
0.67 0.33 0
0.67 0.33 0
0.67 0.33 0
0.67 0.33 0
0.67 0.33 0
0.67 0.33 0
0.67 0.33 0
0.67 0.33 0
0.67 0.33 0
0.67 0.33 0
0.67 0.33 0
0.67 0.33 0
0.67 0.33 0
0.67 0.33 0
0.67 0.33 0
0.67 0.33 0
0.67 0.33 0
0.67 0.33 0
0.67 0.33 0
0.67 0.33 0
0.67 0.33 0
0.67 0.33 0
0.67 0.33 0
0.67 0.33 0
0.67 0.33 0
0.67 0.33 0
0.67 0.33 0
0.67 0.33 0
0.67 0.33 0
0.67 0.33 0
0.67 0.33 0
0.67 0.33 0
0.67 0.33 0
0.67 0.33 0
0.67 0.33 0
0.67 0.33 0
0.67 0.33 0
0.67 0.33 0
0.67 0.33 0
0.67 0.33 0
0.67 0.33 0
0.67 0.33 0
0.67 0.33 0
0.67 0.33 0
0.67 0.33 0
0.67 0.33 0
</Weights>
            </BorderPart>
        </Border>
        <Border Name="vogt4" Red="0.207843" Green="0.145098" Blue="0.156863">
            <BorderPart Closed="True">
                <Vertices>142940 141890 142927
142940 142927 141890
142940 142939 142927
143844 142939 143831
143844 143831 142939
144698 143831 144680
144698 144680 143831
145616 144680 145593
145616 145593 144680
145616 145592 145615
145615 145592 145616
146498 145592 146484
146498 146484 145592
147329 146484 147323
147329 147323 146484
148135 147323 148124
148135 148124 147323
148134 148124 148123
148134 148123 148124
148892 148123 148882
148892 148882 148123
149655 148882 149656
149655 149656 148882
149655 149637 149636
149655 149636 149637
150448 149636 149637
150448 149637 149636
150448 150449 149637
150448 151259 150449
151258 151259 150448
151258 151240 151239
151258 151239 151240
152033 151239 151240
152033 151240 151239
152033 152034 151240
152021 152034 152033
152021 152022 152034
152779 152022 152021
152779 152780 152022
153494 152780 152779
153494 153495 152780
153494 153485 153484
153484 153485 153494
153484 154209 154208
153484 154208 153483
153483 154208 153484
154221 154208 153483
154221 154207 154220
154220 154207 154221
154220 154975 154207
154220 154991 154975
154219 154991 154220
154219 154990 154218
154218 154990 154219
154218 154989 154990
154232 154989 154218
154232 155003 154989
154245 155003 154232
154245 155011 155003
155012 155011 154245
155012 155785 155011
155012 155786 155785
155029 155786 155012
155029 155810 155786
155030 155810 155029
155030 155811 155810
155030 155031 155050
155050 155031 155030
155051 155031 155050
155051 155812 155031
155051 155829 155812
155052 155829 155051
155052 155830 155829
155052 155053 155069
155069 155053 155052
155070 155053 155069
155070 155054 155053
155071 155054 155070
155071 155832 155054
155071 155844 155832
155072 155844 155071
155072 155845 155844
155082 155845 155072
155082 155853 155845
155091 155853 155082
155091 155860 155853
155106 155860 155091
155106 155876 155860
155118 155876 155106
155118 155888 155876
155128 155888 155118
155128 155896 155888
155129 155896 155128
155897 155896 155129
155897 156627 155896
156633 156627 155897
156633 157379 156627
157386 157379 156633
157386 158129 157379
157385 158129 157386
158128 158129 157385
158128 158868 158867
158128 158867 158127
158127 158867 158861
158127 158861 158121
158121 158861 158860
158121 158860 158120
158120 158860 158850
158850 158860 158120
158850 159577 158860
158850 159566 158840
158850 158840 158839
158839 158840 158850
158839 159559 158840
158839 159558 158838
158838 159558 158839
158838 159557 158832
158838 158832 158098
158838 158098 158832
158099 158098 157359
158099 157359 157360
157360 157359 156608
156608 157359 156607
156608 156607 155873
155873 156607 155872
155873 155872 155104
155104 155872 155103
155104 155103 154338
155104 154338 154339
154339 154338 153611
154339 153611 154338
153624 153611 152895
153624 152895 152907
152907 152895 152159
152159 152895 152140
152159 152140 152158
152159 152158 151367
151367 152158 151350
151367 151350 150563
150563 151350 150547
150563 150547 149730
149730 150547 149717
149730 149717 149729
149730 149729 148939
148939 149729 148926
148939 148926 148177
148177 148926 148165
148177 148165 147381
148177 147381 148165
148177 147382 147381
148178 147382 148177
148178 147397 147382
148189 147397 148178
148189 147398 147397
148190 147398 148189
148190 147409 147398
148199 147409 148190
148200 147409 147410
148200 147410 147409
148206 147410 147417
148206 147417 147410
148207 147417 147418
148207 147418 147417
148212 147418 147424
148212 147424 147418
148220 147424 147431
148220 147431 147424
148221 147431 147432
147432 147431 147439
147432 147439 147431
148226 147439 147432
148232 147439 147445
147445 147439 146640
147445 146640 146645
147445 146645 146640
147446 146645 146646
147446 146646 146645
147447 146646 146647
146647 146646 145758
146647 145758 146641
146641 145758 145751
146641 145751 146634
146634 145751 145744
146634 145744 146627
146627 145744 145737
146627 145737 146621
146621 145737 145729
145729 145737 144798
145729 144798 144789
144789 144798 144797
144789 144797 144788
144789 144788 144773
144789 144773 144774
144774 144773 144759
144759 144773 143910
144759 143910 143898
144759 143898 144758
144758 143898 143897
144758 143897 144743
144743 143897 143882
144743 143882 144734
144734 143882 143868
143868 143882 143881
143868 143881 143867
143867 143881 142977
143867 142977 142961
143867 142961 143856
143856 142961 142949
142949 142961 141914
142949 141914 141900
142949 141900 142940
142940 141900 141890
</Vertices>
                <Weights>0.67 0.33 0
0.67 0.33 0
0.67 0.33 0
0.67 0.33 0
0.67 0.33 0
0.67 0.33 0
0.67 0.33 0
0.67 0.33 0
0.67 0.33 0
0.67 0.33 0
0.67 0.33 0
0.67 0.33 0
0.67 0.33 0
0.67 0.33 0
0.67 0.33 0
0.67 0.33 0
0.67 0.33 0
0.67 0.33 0
0.67 0.33 0
0.67 0.33 0
0.67 0.33 0
0.67 0.33 0
0.67 0.33 0
0.67 0.33 0
0.67 0.33 0
0.67 0.33 0
0.67 0.33 0
0.67 0.33 0
0.67 0.33 0
0.67 0.33 0
0.67 0.33 0
0.67 0.33 0
0.67 0.33 0
0.67 0.33 0
0.67 0.33 0
0.67 0.33 0
0.67 0.33 0
0.67 0.33 0
0.67 0.33 0
0.67 0.33 0
0.67 0.33 0
0.67 0.33 0
0.67 0.33 0
0.67 0.33 0
0.67 0.33 0
0.67 0.33 0
0.67 0.33 0
0.67 0.33 0
0.67 0.33 0
0.67 0.33 0
0.67 0.33 0
0.67 0.33 0
0.67 0.33 0
0.67 0.33 0
0.67 0.33 0
0.67 0.33 0
0.67 0.33 0
0.67 0.33 0
0.67 0.33 0
0.67 0.33 0
0.67 0.33 0
0.67 0.33 0
0.67 0.33 0
0.67 0.33 0
0.67 0.33 0
0.67 0.33 0
0.67 0.33 0
0.67 0.33 0
0.67 0.33 0
0.67 0.33 0
0.67 0.33 0
0.67 0.33 0
0.67 0.33 0
0.67 0.33 0
0.67 0.33 0
0.67 0.33 0
0.67 0.33 0
0.67 0.33 0
0.67 0.33 0
0.67 0.33 0
0.67 0.33 0
0.67 0.33 0
0.67 0.33 0
0.67 0.33 0
0.67 0.33 0
0.67 0.33 0
0.67 0.33 0
0.67 0.33 0
0.67 0.33 0
0.67 0.33 0
0.67 0.33 0
0.67 0.33 0
0.67 0.33 0
0.67 0.33 0
0.67 0.33 0
0.67 0.33 0
0.67 0.33 0
0.67 0.33 0
0.67 0.33 0
0.67 0.33 0
0.67 0.33 0
0.67 0.33 0
0.67 0.33 0
0.67 0.33 0
0.67 0.33 0
0.67 0.33 0
0.67 0.33 0
0.67 0.33 0
0.67 0.33 0
0.67 0.33 0
0.67 0.33 0
0.67 0.33 0
0.67 0.33 0
0.67 0.33 0
0.67 0.33 0
0.67 0.33 0
0.67 0.33 0
0.67 0.33 0
0.67 0.33 0
0.67 0.33 0
0.67 0.33 0
0.67 0.33 0
0.67 0.33 0
0.67 0.33 0
0.67 0.33 0
0.67 0.33 0
0.67 0.33 0
0.67 0.33 0
0.67 0.33 0
0.67 0.33 0
0.67 0.33 0
0.67 0.33 0
0.67 0.33 0
0.67 0.33 0
0.67 0.33 0
0.67 0.33 0
0.67 0.33 0
0.67 0.33 0
0.67 0.33 0
0.67 0.33 0
0.67 0.33 0
0.67 0.33 0
0.67 0.33 0
0.67 0.33 0
0.67 0.33 0
0.67 0.33 0
0.67 0.33 0
0.67 0.33 0
0.67 0.33 0
0.67 0.33 0
0.67 0.33 0
0.67 0.33 0
0.67 0.33 0
0.67 0.33 0
0.67 0.33 0
0.67 0.33 0
0.67 0.33 0
0.67 0.33 0
0.67 0.33 0
0.67 0.33 0
0.67 0.33 0
0.67 0.33 0
0.67 0.33 0
0.67 0.33 0
0.67 0.33 0
0.67 0.33 0
0.67 0.33 0
0.67 0.33 0
0.67 0.33 0
0.67 0.33 0
0.67 0.33 0
0.67 0.33 0
0.67 0.33 0
0.67 0.33 0
0.67 0.33 0
0.67 0.33 0
0.67 0.33 0
0.67 0.33 0
0.67 0.33 0
0.67 0.33 0
0.67 0.33 0
0.67 0.33 0
0.67 0.33 0
0.67 0.33 0
0.67 0.33 0
0.67 0.33 0
0.67 0.33 0
0.67 0.33 0
0.67 0.33 0
0.67 0.33 0
0.67 0.33 0
0.67 0.33 0
0.67 0.33 0
0.67 0.33 0
0.67 0.33 0
0.67 0.33 0
0.67 0.33 0
0.67 0.33 0
0.67 0.33 0
0.67 0.33 0
0.67 0.33 0
0.67 0.33 0
0.67 0.33 0
0.67 0.33 0
0.67 0.33 0
0.67 0.33 0
0.67 0.33 0
0.67 0.33 0
0.67 0.33 0
0.67 0.33 0
0.67 0.33 0
0.67 0.33 0
</Weights>
            </BorderPart>
        </Border>
        <Border Name="vogt5" Red="0.207843" Green="0.145098" Blue="0.156863">
            <BorderPart Closed="True">
                <Vertices>139904 138980 139886
139904 139886 138980
139905 139886 139887
139905 139887 139886
139905 139906 139887
140820 139906 139905
140820 140821 139906
141845 140821 140820
141861 140821 140832
141861 140832 140821
141861 141862 140832
141861 141878 141862
141861 141877 141878
142925 141877 141861
142937 141877 141888
142937 141888 141877
142937 142938 141888
142947 142938 142937
142947 142948 142938
142959 142948 142947
142960 142948 141899
142960 141899 141912
142960 141912 141899
142976 141912 141928
142976 141928 141912
142976 142986 141928
143880 142986 142976
143880 143895 142986
143880 144742 144741
144741 144742 143880
144741 145680 144742
145679 145680 144741
145679 146574 145680
146573 146574 145679
146573 147382 146574
147381 147382 146573
147381 148177 148165
148165 148177 147381
148926 148177 148165
148926 148939 148177
149729 148939 148926
149729 149730 148939
149717 149730 149729
150547 149730 149717
150547 150563 149730
151350 150563 150547
151350 151367 150563
152158 151367 151350
152158 152159 151367
152140 152159 152158
152895 152159 152140
152895 152907 152159
152895 153624 152907
153611 153624 152895
153611 154339 154338
154338 154339 153611
154338 155104 154339
155103 155104 154338
155872 155104 155103
155872 155873 155104
156607 155873 155872
156607 156608 155873
157359 156608 156607
157359 157360 156608
157359 158099 157360
158098 158099 157359
158098 158838 158832
158832 158838 158098
158832 159557 158838
158832 159550 158831
158831 159550 158832
158831 159549 158830
158830 159549 158831
158830 159548 159549
159556 159548 158830
159556 160235 159548
159556 160242 160235
159556 159565 159564
159564 159565 159556
159564 160251 159565
159575 160251 159564
159575 160262 160251
159576 160262 159575
159576 160263 160262
159583 160263 159576
159583 160270 160263
159586 160270 159583
159586 160274 160270
159587 160274 159586
159587 160275 160274
159590 160275 159587
159590 160278 160275
159590 159591 159595
159595 159591 159590
159595 159596 159591
159598 159596 159595
159598 159599 159596
159598 160284 160283
160283 160284 159598
160283 160976 160284
160283 160975 160281
160281 160975 160283
160281 160973 160280
160280 160973 160281
160280 160972 160277
160277 160972 160280
160277 160969 160276
160276 160969 160277
160276 160968 160273
160273 160968 160276
160273 160966 160272
160272 160966 160273
160965 160966 160272
160965 161616 161613
160965 161613 160962
160962 161613 161612
160962 161612 160961
160961 161612 161609
161609 161612 160961
161609 161611 161608
161608 161611 161609
161608 162245 162238
161608 162238 161602
161602 162238 162229
162229 162238 161602
162229 162239 162238
162229 162230 162224
162224 162230 162229
162224 162225 161590
162224 161590 161589
161589 161590 161579
161589 161579 161578
161589 161578 160935
160935 161578 160926
160926 161578 161566
160926 161566 160916
160916 161566 161554
160916 161554 160905
160916 160905 160915
160915 160905 160904
160904 160905 160889
160904 160889 160888
160888 160889 160904
160888 161537 161521
160888 161521 160871
160888 160871 160887
160888 160887 160189
160189 160887 160174
160189 160174 160173
160189 160173 160188
160188 160173 159498
159498 160173 159476
159498 159476 159497
159498 159497 158777
158777 159497 158757
158777 158757 158756
158777 158756 158776
158777 158776 158039
158039 158776 158038
158039 158038 157295
157295 158038 157294
157295 157294 157270
157270 157294 157269
157270 157269 156525
156525 157269 156524
156525 156524 155781
155781 156524 155780
155781 155780 155007
155007 155780 155006
155007 155006 154241
154241 155006 154240
154241 154240 153515
154241 153515 154240
153516 153515 152803
153516 152803 152804
152804 152803 152050
152804 152050 152803
152804 152065 152050
152816 152065 152804
152816 152066 152065
152817 152066 152816
152817 152078 152066
152828 152078 152817
152079 152078 152089
152079 152089 152078
152090 152089 152079
152090 152103 152089
152104 152103 152090
152856 152103 152104
152856 152118 152103
152873 152118 152856
152873 152130 152118
152885 152130 152873
152885 152884 152130
153601 152884 153600
153600 152884 153601
153616 152884 152901
153616 152901 152884
153627 152901 152910
153627 152910 152901
153628 152910 152911
153628 152911 152910
153629 152911 152912
152912 152911 152169
152912 152169 152902
152902 152169 152153
152902 152153 152154
152154 152153 152132
152132 152153 152131
152131 152153 151342
152131 151342 152132
152132 151342 151343
151343 151342 150540
151343 150540 151342
150541 150540 149711
150541 149711 150540
149712 149711 149726
149712 149726 149711
149727 149726 148935
149727 148935 148936
149727 148936 148935
149736 148936 148947
149736 148947 148936
149742 148947 148956
149742 148956 148947
149748 148956 148962
149748 148962 148956
149754 148962 148968
148968 148962 148209
148968 148209 148962
148968 148215 148209
148975 148215 148968
148216 148215 147426
148216 147426 147427
147427 147426 146628
147427 146628 146629
146629 146628 145739
145739 146628 145738
145739 145738 144800
144800 145738 144799
144800 144799 143939
144800 143939 144799
143940 143939 143024
143940 143024 143939
143030 143024 141992
143030 141992 143024
143030 141993 141992
143031 141993 143030
141994 141993 140974
141994 140974 140975
140975 140974 140064
140975 140064 140065
140975 140065 140064
140976 140065 140066
140976 140066 140967
140967 140066 140059
140967 140059 140956
140956 140059 140049
140956 140049 140939
140956 140939 140049
140938 140939 140035
140938 140035 140034
140938 140034 140926
140926 140034 140022
140926 140022 140013
140926 140013 140914
140914 140013 140003
140914 140003 140900
140900 140003 140002
140002 140003 139989
139989 140003 140002
139989 139990 139968
139968 139990 139989
139968 139969 139064
139968 139064 139038
139968 139038 139951
139951 139038 139024
139951 139024 139934
139934 139024 139011
139934 139011 139917
139917 139011 139918
139917 139918 139011
140831 139918 139904
139904 139918 139000
139904 139000 138980
</Vertices>
                <Weights>0.67 0.33 0
0.67 0.33 0
0.67 0.33 0
0.67 0.33 0
0.67 0.33 0
0.67 0.33 0
0.67 0.33 0
0.67 0.33 0
0.67 0.33 0
0.67 0.33 0
0.67 0.33 0
0.67 0.33 0
0.67 0.33 0
0.67 0.33 0
0.67 0.33 0
0.67 0.33 0
0.67 0.33 0
0.67 0.33 0
0.67 0.33 0
0.67 0.33 0
0.67 0.33 0
0.67 0.33 0
0.67 0.33 0
0.67 0.33 0
0.67 0.33 0
0.67 0.33 0
0.67 0.33 0
0.67 0.33 0
0.67 0.33 0
0.67 0.33 0
0.67 0.33 0
0.67 0.33 0
0.67 0.33 0
0.67 0.33 0
0.67 0.33 0
0.67 0.33 0
0.67 0.33 0
0.67 0.33 0
0.67 0.33 0
0.67 0.33 0
0.67 0.33 0
0.67 0.33 0
0.67 0.33 0
0.67 0.33 0
0.67 0.33 0
0.67 0.33 0
0.67 0.33 0
0.67 0.33 0
0.67 0.33 0
0.67 0.33 0
0.67 0.33 0
0.67 0.33 0
0.67 0.33 0
0.67 0.33 0
0.67 0.33 0
0.67 0.33 0
0.67 0.33 0
0.67 0.33 0
0.67 0.33 0
0.67 0.33 0
0.67 0.33 0
0.67 0.33 0
0.67 0.33 0
0.67 0.33 0
0.67 0.33 0
0.67 0.33 0
0.67 0.33 0
0.67 0.33 0
0.67 0.33 0
0.67 0.33 0
0.67 0.33 0
0.67 0.33 0
0.67 0.33 0
0.67 0.33 0
0.67 0.33 0
0.67 0.33 0
0.67 0.33 0
0.67 0.33 0
0.67 0.33 0
0.67 0.33 0
0.67 0.33 0
0.67 0.33 0
0.67 0.33 0
0.67 0.33 0
0.67 0.33 0
0.67 0.33 0
0.67 0.33 0
0.67 0.33 0
0.67 0.33 0
0.67 0.33 0
0.67 0.33 0
0.67 0.33 0
0.67 0.33 0
0.67 0.33 0
0.67 0.33 0
0.67 0.33 0
0.67 0.33 0
0.67 0.33 0
0.67 0.33 0
0.67 0.33 0
0.67 0.33 0
0.67 0.33 0
0.67 0.33 0
0.67 0.33 0
0.67 0.33 0
0.67 0.33 0
0.67 0.33 0
0.67 0.33 0
0.67 0.33 0
0.67 0.33 0
0.67 0.33 0
0.67 0.33 0
0.67 0.33 0
0.67 0.33 0
0.67 0.33 0
0.67 0.33 0
0.67 0.33 0
0.67 0.33 0
0.67 0.33 0
0.67 0.33 0
0.67 0.33 0
0.67 0.33 0
0.67 0.33 0
0.67 0.33 0
0.67 0.33 0
0.67 0.33 0
0.67 0.33 0
0.67 0.33 0
0.67 0.33 0
0.67 0.33 0
0.67 0.33 0
0.67 0.33 0
0.67 0.33 0
0.67 0.33 0
0.67 0.33 0
0.67 0.33 0
0.67 0.33 0
0.67 0.33 0
0.67 0.33 0
0.67 0.33 0
0.67 0.33 0
0.67 0.33 0
0.67 0.33 0
0.67 0.33 0
0.67 0.33 0
0.67 0.33 0
0.67 0.33 0
0.67 0.33 0
0.67 0.33 0
0.67 0.33 0
0.67 0.33 0
0.67 0.33 0
0.67 0.33 0
0.67 0.33 0
0.67 0.33 0
0.67 0.33 0
0.67 0.33 0
0.67 0.33 0
0.67 0.33 0
0.67 0.33 0
0.67 0.33 0
0.67 0.33 0
0.67 0.33 0
0.67 0.33 0
0.67 0.33 0
0.67 0.33 0
0.67 0.33 0
0.67 0.33 0
0.67 0.33 0
0.67 0.33 0
0.67 0.33 0
0.67 0.33 0
0.67 0.33 0
0.67 0.33 0
0.67 0.33 0
0.67 0.33 0
0.67 0.33 0
0.67 0.33 0
0.67 0.33 0
0.67 0.33 0
0.67 0.33 0
0.67 0.33 0
0.67 0.33 0
0.67 0.33 0
0.67 0.33 0
0.67 0.33 0
0.67 0.33 0
0.67 0.33 0
0.67 0.33 0
0.67 0.33 0
0.67 0.33 0
0.67 0.33 0
0.67 0.33 0
0.67 0.33 0
0.67 0.33 0
0.67 0.33 0
0.67 0.33 0
0.67 0.33 0
0.67 0.33 0
0.67 0.33 0
0.67 0.33 0
0.67 0.33 0
0.67 0.33 0
0.67 0.33 0
0.67 0.33 0
0.67 0.33 0
0.67 0.33 0
0.67 0.33 0
0.67 0.33 0
0.67 0.33 0
0.67 0.33 0
0.67 0.33 0
0.67 0.33 0
0.67 0.33 0
0.67 0.33 0
0.67 0.33 0
0.67 0.33 0
0.67 0.33 0
0.67 0.33 0
0.67 0.33 0
0.67 0.33 0
0.67 0.33 0
0.67 0.33 0
0.67 0.33 0
0.67 0.33 0
0.67 0.33 0
0.67 0.33 0
0.67 0.33 0
0.67 0.33 0
0.67 0.33 0
0.67 0.33 0
0.67 0.33 0
0.67 0.33 0
0.67 0.33 0
0.67 0.33 0
0.67 0.33 0
0.67 0.33 0
0.67 0.33 0
0.67 0.33 0
0.67 0.33 0
0.67 0.33 0
0.67 0.33 0
0.67 0.33 0
0.67 0.33 0
0.67 0.33 0
0.67 0.33 0
0.67 0.33 0
0.67 0.33 0
0.67 0.33 0
0.67 0.33 0
0.67 0.33 0
0.67 0.33 0
0.67 0.33 0
0.67 0.33 0
0.67 0.33 0
0.67 0.33 0
0.67 0.33 0
0.67 0.33 0
0.67 0.33 0
0.67 0.33 0
0.67 0.33 0
0.67 0.33 0
0.67 0.33 0
0.67 0.33 0
0.67 0.33 0
0.67 0.33 0
0.67 0.33 0
0.67 0.33 0
0.67 0.33 0
0.67 0.33 0
0.67 0.33 0
0.67 0.33 0
0.67 0.33 0
0.67 0.33 0
0.67 0.33 0
0.67 0.33 0
0.67 0.33 0
0.67 0.33 0
0.67 0.33 0
0.67 0.33 0
0.67 0.33 0
0.67 0.33 0
0.67 0.33 0
0.67 0.33 0
0.67 0.33 0
</Weights>
            </BorderPart>
        </Border>
        <Border Name="vogt6" Red="0.156863" Green="0.152941" Blue="0.137255">
            <BorderPart Closed="True">
                <Vertices>130849 130848 130863
130849 130863 130848
130849 130864 130863
130850 130864 130849
130850 131954 130864
131946 131954 130850
131946 131947 131954
132900 131947 131946
132901 131947 132900
132909 131947 168866
132909 168866 131947
132910 168866 133908
133908 168866 133916
133916 168866 168860
133916 168860 134960
134960 168860 133916
134960 134968 135933
135933 134968 134960
135940 134968 134976
135940 134976 134968
135941 134976 134977
134977 134976 134987
134977 134987 134976
135955 134987 134977
135969 134987 135000
