<?xml version="1.0" encoding="UTF-8"?>
<BorderFile Version="3" Structure="CORTEX_LEFT" SurfaceNumberOfVertices="163842">
    <MetaData>
        <MD>
            <Name>ParentProvenance</Name>
            <Value>../02_data/Final/maps/Surface/Freesurfer_fsaverage/fsaverage/gii/parcellation/nieuwenhuys_parcellation_on_fsaverage_lh_glasser_colormap.label.gii:
/local_raid1/01_software/workbench/bin_linux64/../exe_linux64/wb_command -metric-label-import /local_raid1/03_user/seokjun/01_project/08_Vogt_Vogt_mapping/02_data/Final/maps/Surface/Freesurfer_fsaverage/fsaverage/gii/parcellation/nieuwenhuys_parcellation_on_fsaverage_lh.gii /local_raid1/03_user/seokjun/01_project/08_Vogt_Vogt_mapping/01_analysis//label_vogt_vogt_glasser_colormap.txt /local_raid1/03_user/seokjun/01_project/08_Vogt_Vogt_mapping/02_data/Final/maps/Surface/Freesurfer_fsaverage/fsaverage/gii/parcellation/nieuwenhuys_parcellation_on_fsaverage_lh_glasser_colormap.label.gii -drop-unused-labels

</Value>
        </MD>
        <MD>
            <Name>ProgramProvenance</Name>
            <Value>Connectome Workbench
Type: Command Line Application
Version: 1.4.2
Qt Compiled Version: 5.7.0
Qt Runtime Version: 5.7.0
Commit: 092b7f2f7dfab0f9ea7cbb6c1db2e5dffd2c1045
Commit Date: 2020-01-07 17:24:23 -0600
Compiled with OpenMP: YES
Compiler: g++ (/home/caret/gcc/install/gcc-4.8.5/bin)
Compiler Version: 4.8.5
Compiled Debug: NO
Operating System: Linux
</Value>
        </MD>
        <MD>
            <Name>Provenance</Name>
            <Value>/local_raid1/01_software/workbench/bin_linux64/../exe_linux64/wb_command -label-to-border ../02_data/Final/cortical_surface/fsaverage/lh.pial.surf.gii ../02_data/Final/maps/Surface/Freesurfer_fsaverage/fsaverage/gii/parcellation/nieuwenhuys_parcellation_on_fsaverage_lh_glasser_colormap.label.gii ../02_data/Final/maps/Surface/Freesurfer_fsaverage/fsaverage/gii/parcellation/nieuwenhuys_parcellation_on_fsaverage_lh_glasser_colormap.border</Value>
        </MD>
        <MD>
            <Name>WorkingDirectory</Name>
            <Value>/local_raid1/03_user/seokjun/01_project/08_Vogt_Vogt_mapping/01_analysis</Value>
        </MD>
    </MetaData>
    <Class Name="#1" Red="0" Green="0" Blue="0">
        <Border Name="vogt1" Red="0.0784314" Green="0.0196078" Blue="0">
            <BorderPart Closed="True">
                <Vertices>261 134369 134370
261 134370 134369
43270 134370 261
43270 154228 134370
43270 12550 43269
43269 12550 96317
96317 12550 43269
96318 12550 96317
96318 154229 12550
96318 154230 154229
96318 4870 60686
60686 4870 60688
60688 4870 60686
60688 60690 4870
60688 60689 27197
60688 27197 60687
60687 27197 124898
124898 27197 60687
124899 27197 124898
124899 124900 27197
110386 124900 124899
110386 20366 110388
110388 20366 110386
110388 51087 20366
110388 110389 51087
20367 110389 110388
84139 110389 20367
84139 110390 110389
9170 110390 84139
9170 110391 110390
9170 84145 84143
84143 84145 9170
84144 84145 84143
84144 37753 154220
84144 154220 37753
154219 154220 84144
154219 14947 45667
154219 45667 154218
154218 45667 1142
1142 45667 45665
45665 45667 1142
45665 45666 14945
45665 14945 45664
45664 14945 100628
45664 100628 14945
100627 100628 45664
100627 14944 100626
100626 14944 134354
100626 134354 14944
67870 134354 100626
30905 134354 67870
30905 134355 134354
30905 134353 134352
30905 134352 67869
67869 134352 30905
134351 134352 67869
134351 14942 45662
45662 14942 45661
45662 45661 45660
45660 45661 14940
45660 14940 45659
45659 14940 100619
45659 100619 14940
100618 100619 45659
14939 100619 100618
14939 67856 67857
14939 67857 67856
134335 67857 14939
134335 134336 67857
134335 30898 67855
67855 30898 67854
67854 30898 134333
67854 134333 30898
67854 134332 30897
30897 134332 134331
30897 134331 134330
134330 134331 30897
134322 134331 134330
134322 1139 51046
51046 1139 51048
51046 51048 1139
51046 51047 20326
20326 51047 51046
20326 110316 110314
110314 110316 20326
110314 110315 6657
110314 6657 110315
134319 6657 134316
134316 6657 84016
84016 6657 84018
84016 84018 6657
84017 84018 84016
84017 37702 154067
84017 154067 37702
154066 154067 84017
154066 12535 43255
43255 12535 43254
43254 12535 96290
43254 96290 12535
43254 96289 12533
43254 12533 43253
43253 12533 43252
43252 12533 96286
96286 12533 43252
96286 96287 12533
96286 60634 12532
12532 60634 60635
12532 60635 60634
12532 124824 96284
96284 124824 12532
60633 124824 96284
27165 124824 60633
27165 124825 124824
124823 124825 27165
124823 124826 124825
124823 4852 83979
83979 4852 83981
83979 83981 4852
83980 83981 83979
83980 37687 154022
83980 154022 37687
154021 154022 83980
154021 20313 51033
154021 51033 124820
124820 51033 2195
124820 2195 124819
124819 2195 51027
124819 51027 124818
124818 51027 20307
20307 51027 51028
20307 51028 51027
20307 110281 110279
20307 110279 110281
124817 110279 124816
124816 110279 4850
124816 4850 124813
124816 124813 124815
124815 124813 27161
124815 27161 124814
124814 27161 60626
60626 27161 60625
60626 60625 60624
60624 60625 27159
60624 27159 60625
134305 27159 134304
134305 134304 67832
67832 134304 30887
67832 30887 67831
67832 67831 30887
67833 67831 6655
67833 6655 67831
100604 6655 100603
100603 6655 67827
100603 67827 100602
100603 100602 14931
14931 100602 45650
45650 100602 14931
45650 100601 14929
14929 100601 100599
14929 100599 100601
117288 100599 117287
117288 117287 23935
23935 117287 117286
117286 117287 23935
117286 117284 23934
23934 117284 117283
23934 117283 55247
23934 55247 117283
55248 55247 55246
55246 55247 23932
55246 23932 55247
141053 23932 141052
141053 141052 73254
73254 141052 33297
73254 33297 73253
73254 73253 33297
73255 73253 7619
7619 73253 73251
73251 73253 7619
73251 73252 33296
73251 33296 73250
73250 33296 141047
73250 141047 33296
141046 141047 73250
33295 141047 141046
33295 141045 141044
141044 141045 33295
141044 103851 16735
16735 103851 103850
16735 103850 47454
16735 47454 103850
47455 47454 47453
47455 47453 1619
1619 47453 47451
1619 47451 47449
47449 47451 1619
47449 47450 16729
16729 47450 47449
16729 103841 103839
103839 103841 16729
103840 103841 103839
103840 16730 141019
103840 141019 16730
73226 141019 103840
73226 33286 73225
73225 33286 141017
73225 141017 33286
73225 141016 25013
25013 141016 119801
119801 141016 25013
47448 141016 119801
47448 16728 47447
47448 47447 47446
47448 47446 739
47448 739 47446
119801 739 119800
119800 739 119801
129771 739 129762
129762 739 47446
129762 47446 129761
129762 129761 29214
129762 29214 129761
129770 29214 129769
129769 29214 64245
129769 64245 129768
129768 64245 5938
129768 5938 129765
129768 129765 129767
129767 129765 29215
29215 129765 129764
29215 129764 64247
64247 129764 29215
129763 129764 64247
129763 13735 44455
129763 44455 115611
129763 115611 23217
23217 115611 129763
23217 115612 115611
23217 115613 115612
64246 115613 23217
64246 115614 115613
64246 2659 64248
64248 2659 64246
98453 2659 98452
98452 2659 98453
98452 115617 2659
98452 115618 115617
98452 13736 98454
98454 13736 98452
44457 13736 44456
44457 44456 13736
44458 44456 740
740 44456 44458
740 115620 44456
740 115621 115620
740 44462 44460
740 44460 44458
44458 44460 740
44459 44460 44458
13740 44460 44459
44461 44460 13740
44461 44462 44460
13742 44462 44461
13742 129791 44462
13742 129792 129791
98464 129792 13742
129793 129792 29225
129793 29225 129792
129795 29225 129794
129795 129794 64272
64272 129794 13744
64272 13744 64271
64272 64271 13744
64272 64273 64271
29226 64273 64272
64274 64273 29226
64274 64275 64273
29227 64275 64274
29227 64276 64275
129800 64276 29227
129801 64276 29228
129801 29228 64276
129802 29228 129801
129802 129804 29228
129802 129805 129804
3663 129805 129802
3663 94145 94146
94146 94145 3663
94146 94147 94145
11344 94147 94146
11344 94148 94147
57071 94148 11344
57071 94149 94148
57071 3665 57073
57073 3665 57071
57075 3665 57073
57075 57077 3665
57075 57076 25029
25029 57076 57075
119843 57076 25029
119843 119844 57076
25030 119844 119843
25030 73313 73314
25030 73314 73313
141125 73314 25030
141126 73314 33323
141126 33323 73314
141127 33323 141126
141127 141129 33323
141127 141130 141129
7628 141130 141127
73312 141130 7628
141131 141130 33324
141131 33324 141130
141131 73319 33324
141131 141132 73319
141131 33322 73312
73312 33322 73311
73311 33322 141123
141123 33322 73311
141124 33322 141123
141124 141132 33322
141124 141133 141132
141124 1143 45668
141124 45668 141123
141123 45668 14948
14948 45668 45669
14948 45669 45668
14948 100636 100634
14948 100634 100636
14948 141122 100634
141123 141122 73311
73311 141122 33321
33321 141122 141121
33321 141121 141120
141120 141121 33321
141120 141118 33320
33320 141118 141117
141117 141118 33320
141117 67883 30911
30911 67883 67884
30911 67884 67883
30911 134371 134369
30911 134369 134371
141116 134369 141115
141115 134369 261
</Vertices>
                <Weights>0.67 0.33 0
0.67 0.33 0
0.67 0.33 0
0.67 0.33 0
0.67 0.33 0
0.67 0.33 0
0.67 0.33 0
0.67 0.33 0
0.67 0.33 0
0.67 0.33 0
0.67 0.33 0
0.67 0.33 0
0.67 0.33 0
0.67 0.33 0
0.67 0.33 0
0.67 0.33 0
0.67 0.33 0
0.67 0.33 0
0.67 0.33 0
0.67 0.33 0
0.67 0.33 0
0.67 0.33 0
0.67 0.33 0
0.67 0.33 0
0.67 0.33 0
0.67 0.33 0
0.67 0.33 0
0.67 0.33 0
0.67 0.33 0
0.67 0.33 0
0.67 0.33 0
0.67 0.33 0
0.67 0.33 0
0.67 0.33 0
0.67 0.33 0
0.67 0.33 0
0.67 0.33 0
0.67 0.33 0
0.67 0.33 0
0.67 0.33 0
0.67 0.33 0
0.67 0.33 0
0.67 0.33 0
0.67 0.33 0
0.67 0.33 0
0.67 0.33 0
0.67 0.33 0
0.67 0.33 0
0.67 0.33 0
0.67 0.33 0
0.67 0.33 0
0.67 0.33 0
0.67 0.33 0
0.67 0.33 0
0.67 0.33 0
0.67 0.33 0
0.67 0.33 0
0.67 0.33 0
0.67 0.33 0
0.67 0.33 0
0.67 0.33 0
0.67 0.33 0
0.67 0.33 0
0.67 0.33 0
0.67 0.33 0
0.67 0.33 0
0.67 0.33 0
0.67 0.33 0
0.67 0.33 0
0.67 0.33 0
0.67 0.33 0
0.67 0.33 0
0.67 0.33 0
0.67 0.33 0
0.67 0.33 0
0.67 0.33 0
0.67 0.33 0
0.67 0.33 0
0.67 0.33 0
0.67 0.33 0
0.67 0.33 0
0.67 0.33 0
0.67 0.33 0
0.67 0.33 0
0.67 0.33 0
0.67 0.33 0
0.67 0.33 0
0.67 0.33 0
0.67 0.33 0
0.67 0.33 0
0.67 0.33 0
0.67 0.33 0
0.67 0.33 0
0.67 0.33 0
0.67 0.33 0
0.67 0.33 0
0.67 0.33 0
0.67 0.33 0
0.67 0.33 0
0.67 0.33 0
0.67 0.33 0
0.67 0.33 0
0.67 0.33 0
0.67 0.33 0
0.67 0.33 0
0.67 0.33 0
0.67 0.33 0
0.67 0.33 0
0.67 0.33 0
0.67 0.33 0
0.67 0.33 0
0.67 0.33 0
0.67 0.33 0
0.67 0.33 0
0.67 0.33 0
0.67 0.33 0
0.67 0.33 0
0.67 0.33 0
0.67 0.33 0
0.67 0.33 0
0.67 0.33 0
0.67 0.33 0
0.67 0.33 0
0.67 0.33 0
0.67 0.33 0
0.67 0.33 0
0.67 0.33 0
0.67 0.33 0
0.67 0.33 0
0.67 0.33 0
0.67 0.33 0
0.67 0.33 0
0.67 0.33 0
0.67 0.33 0
0.67 0.33 0
0.67 0.33 0
0.67 0.33 0
0.67 0.33 0
0.67 0.33 0
0.67 0.33 0
0.67 0.33 0
0.67 0.33 0
0.67 0.33 0
0.67 0.33 0
0.67 0.33 0
0.67 0.33 0
0.67 0.33 0
0.67 0.33 0
0.67 0.33 0
0.67 0.33 0
0.67 0.33 0
0.67 0.33 0
0.67 0.33 0
0.67 0.33 0
0.67 0.33 0
0.67 0.33 0
0.67 0.33 0
0.67 0.33 0
0.67 0.33 0
0.67 0.33 0
0.67 0.33 0
0.67 0.33 0
0.67 0.33 0
0.67 0.33 0
0.67 0.33 0
0.67 0.33 0
0.67 0.33 0
0.67 0.33 0
0.67 0.33 0
0.67 0.33 0
0.67 0.33 0
0.67 0.33 0
0.67 0.33 0
0.67 0.33 0
0.67 0.33 0
0.67 0.33 0
0.67 0.33 0
0.67 0.33 0
0.67 0.33 0
0.67 0.33 0
0.67 0.33 0
0.67 0.33 0
0.67 0.33 0
0.67 0.33 0
0.67 0.33 0
0.67 0.33 0
0.67 0.33 0
0.67 0.33 0
0.67 0.33 0
0.67 0.33 0
0.67 0.33 0
0.67 0.33 0
0.67 0.33 0
0.67 0.33 0
0.67 0.33 0
0.67 0.33 0
0.67 0.33 0
0.67 0.33 0
0.67 0.33 0
0.67 0.33 0
0.67 0.33 0
0.67 0.33 0
0.67 0.33 0
0.67 0.33 0
0.67 0.33 0
0.67 0.33 0
0.67 0.33 0
0.67 0.33 0
0.67 0.33 0
0.67 0.33 0
0.67 0.33 0
0.67 0.33 0
0.67 0.33 0
0.67 0.33 0
0.67 0.33 0
0.67 0.33 0
0.67 0.33 0
0.67 0.33 0
0.67 0.33 0
0.67 0.33 0
0.67 0.33 0
0.67 0.33 0
0.67 0.33 0
0.67 0.33 0
0.67 0.33 0
0.67 0.33 0
0.67 0.33 0
0.67 0.33 0
0.67 0.33 0
0.67 0.33 0
0.67 0.33 0
0.67 0.33 0
0.67 0.33 0
0.67 0.33 0
0.67 0.33 0
0.67 0.33 0
0.67 0.33 0
0.67 0.33 0
0.67 0.33 0
0.67 0.33 0
0.67 0.33 0
0.67 0.33 0
0.67 0.33 0
0.67 0.33 0
0.67 0.33 0
0.67 0.33 0
0.67 0.33 0
0.67 0.33 0
0.67 0.33 0
0.67 0.33 0
0.67 0.33 0
0.67 0.33 0
0.67 0.33 0
0.67 0.33 0
0.67 0.33 0
0.67 0.33 0
0.67 0.33 0
0.67 0.33 0
0.67 0.33 0
0.67 0.33 0
0.67 0.33 0
0.67 0.33 0
0.67 0.33 0
0.67 0.33 0
0.67 0.33 0
0.67 0.33 0
0.67 0.33 0
0.67 0.33 0
0.67 0.33 0
0.67 0.33 0
0.67 0.33 0
0.67 0.33 0
0.67 0.33 0
0.67 0.33 0
0.67 0.33 0
0.67 0.33 0
0.67 0.33 0
0.67 0.33 0
0.67 0.33 0
0.67 0.33 0
0.67 0.33 0
0.67 0.33 0
0.67 0.33 0
0.67 0.33 0
0.67 0.33 0
0.67 0.33 0
0.67 0.33 0
0.67 0.33 0
0.67 0.33 0
0.67 0.33 0
0.67 0.33 0
0.67 0.33 0
0.67 0.33 0
0.67 0.33 0
0.67 0.33 0
0.67 0.33 0
0.67 0.33 0
0.67 0.33 0
0.67 0.33 0
0.67 0.33 0
0.67 0.33 0
0.67 0.33 0
0.67 0.33 0
0.67 0.33 0
0.67 0.33 0
0.67 0.33 0
0.67 0.33 0
0.67 0.33 0
0.67 0.33 0
0.67 0.33 0
0.67 0.33 0
0.67 0.33 0
0.67 0.33 0
0.67 0.33 0
0.67 0.33 0
0.67 0.33 0
0.67 0.33 0
0.67 0.33 0
0.67 0.33 0
0.67 0.33 0
0.67 0.33 0
0.67 0.33 0
0.67 0.33 0
0.67 0.33 0
0.67 0.33 0
0.67 0.33 0
0.67 0.33 0
0.67 0.33 0
0.67 0.33 0
0.67 0.33 0
0.67 0.33 0
0.67 0.33 0
0.67 0.33 0
0.67 0.33 0
0.67 0.33 0
0.67 0.33 0
0.67 0.33 0
0.67 0.33 0
0.67 0.33 0
0.67 0.33 0
0.67 0.33 0
0.67 0.33 0
0.67 0.33 0
0.67 0.33 0
0.67 0.33 0
0.67 0.33 0
</Weights>
            </BorderPart>
        </Border>
        <Border Name="vogt2" Red="0.364706" Green="0.129412" Blue="0.203922">
            <BorderPart Closed="True">
                <Vertices>22 145583 145582
145582 145583 22
145584 145583 145582
145584 34853 145583
145584 145585 76973
76973 145585 34854
76973 34854 145585
76974 34854 76973
76974 145587 106088
106088 145587 17978
106088 17978 145587
106088 106089 106087
106087 106089 17977
106087 17977 106089
106087 106329 17977
77373 106329 18111
77373 18111 77374
77374 18111 77373
146066 18111 106327
146066 106327 18111
77372 106327 8238
77372 8238 77370
77372 77370 8238
77371 77370 35014
35014 77370 77369
35014 77369 146061
35014 146061 77369
35014 146062 146061
146063 146062 35014
115610 146062 738
115610 738 115611
115610 115611 738
115612 115611 115610
115612 23217 115611
115613 23217 115612
115613 64246 23217
115614 64246 115613
2659 64246 64248
2659 64248 64246
2659 98453 98452
2659 98452 98453
115617 98452 2659
115618 98452 115617
13736 98452 98454
13736 98454 98452
13736 44457 44456
44456 44457 13736
44456 44458 740
44456 740 44458
115620 740 44456
115621 740 115620
44462 740 44460
44460 740 44458
44460 44458 740
44460 44459 44458
44460 13740 44459
44460 44461 13740
44462 44461 44460
44462 13742 44461
129791 13742 44462
129792 13742 129791
129792 98464 13742
129792 129793 29225
29225 129793 129792
29225 129795 129794
129794 129795 64272
129794 64272 13744
13744 64272 64271
64271 64272 13744
64273 64272 64271
64273 29226 64272
64273 64274 29226
64275 64274 64273
64275 29227 64274
64276 29227 64275
64276 129800 29227
64276 129801 29228
29228 129801 64276
29228 129802 129801
129804 129802 29228
129804 129805 29229
129804 29229 64279
129804 64279 29229
129803 64279 13746
129803 13746 98470
98470 13746 129803
98470 98471 98469
98469 98471 13745
13745 98471 98469
13745 44466 44465
13745 44465 44464
44464 44465 44463
44464 44463 13743
13743 44463 44464
115629 44463 13743
115567 44463 115629
115567 727 115568
115567 115568 727
115567 115569 23197
23197 115569 115567
54023 115569 23197
54023 115570 23199
54023 23199 115570
54024 23199 54023
115572 23199 54024
115572 115573 54026
115572 54026 10328
10328 54026 54025
10328 54025 54026
10328 92320 92319
92319 92320 41048
41048 92320 10329
41048 10329 92320
41049 10329 41048
41049 153147 145583
41049 145583 22
</Vertices>
                <Weights>0.67 0.33 0
0.67 0.33 0
0.67 0.33 0
0.67 0.33 0
0.67 0.33 0
0.67 0.33 0
0.67 0.33 0
0.67 0.33 0
0.67 0.33 0
0.67 0.33 0
0.67 0.33 0
0.67 0.33 0
0.67 0.33 0
0.67 0.33 0
0.67 0.33 0
0.67 0.33 0
0.67 0.33 0
0.67 0.33 0
0.67 0.33 0
0.67 0.33 0
0.67 0.33 0
0.67 0.33 0
0.67 0.33 0
0.67 0.33 0
0.67 0.33 0
0.67 0.33 0
0.67 0.33 0
0.67 0.33 0
0.67 0.33 0
0.67 0.33 0
0.67 0.33 0
0.67 0.33 0
0.67 0.33 0
0.67 0.33 0
0.67 0.33 0
0.67 0.33 0
0.67 0.33 0
0.67 0.33 0
0.67 0.33 0
0.67 0.33 0
0.67 0.33 0
0.67 0.33 0
0.67 0.33 0
0.67 0.33 0
0.67 0.33 0
0.67 0.33 0
0.67 0.33 0
0.67 0.33 0
0.67 0.33 0
0.67 0.33 0
0.67 0.33 0
0.67 0.33 0
0.67 0.33 0
0.67 0.33 0
0.67 0.33 0
0.67 0.33 0
0.67 0.33 0
0.67 0.33 0
0.67 0.33 0
0.67 0.33 0
0.67 0.33 0
0.67 0.33 0
0.67 0.33 0
0.67 0.33 0
0.67 0.33 0
0.67 0.33 0
0.67 0.33 0
0.67 0.33 0
0.67 0.33 0
0.67 0.33 0
0.67 0.33 0
0.67 0.33 0
0.67 0.33 0
0.67 0.33 0
0.67 0.33 0
0.67 0.33 0
0.67 0.33 0
0.67 0.33 0
0.67 0.33 0
0.67 0.33 0
0.67 0.33 0
0.67 0.33 0
0.67 0.33 0
0.67 0.33 0
0.67 0.33 0
0.67 0.33 0
0.67 0.33 0
0.67 0.33 0
0.67 0.33 0
0.67 0.33 0
0.67 0.33 0
0.67 0.33 0
0.67 0.33 0
0.67 0.33 0
0.67 0.33 0
0.67 0.33 0
0.67 0.33 0
0.67 0.33 0
0.67 0.33 0
0.67 0.33 0
0.67 0.33 0
0.67 0.33 0
0.67 0.33 0
0.67 0.33 0
0.67 0.33 0
0.67 0.33 0
0.67 0.33 0
0.67 0.33 0
0.67 0.33 0
0.67 0.33 0
0.67 0.33 0
0.67 0.33 0
0.67 0.33 0
0.67 0.33 0
0.67 0.33 0
0.67 0.33 0
</Weights>
            </BorderPart>
        </Border>
        <Border Name="vogt3" Red="0.364706" Green="0.129412" Blue="0.203922">
            <BorderPart Closed="True">
                <Vertices>727 115567 115568
115568 115567 727
115569 115567 23197
115569 23197 115567
115569 54023 23197
115570 54023 23199
23199 54023 115570
23199 54024 54023
23199 115572 54024
23199 115573 115572
115571 115573 23199
115574 115573 23200
115574 23200 115573
115574 115575 23200
98397 115575 115574
98397 13705 98399
98397 98399 13705
98398 98399 98397
13706 98399 98398
98400 98399 44426
98400 44426 13707
98400 13707 44426
98401 13707 98400
98401 98403 13707
98402 98403 98401
98402 13708 129660
98402 129660 13708
64164 129660 98402
29175 129660 64164
29175 129661 129660
129659 129661 29175
129659 129662 129661
129659 3625 56955
56955 3625 56957
56955 56957 3625
56955 56956 24957
24957 56956 56955
119675 56956 24957
119675 119676 56956
119675 24958 119674
119675 119674 119673
119675 119673 24957
24957 119673 119675
129657 119673 129656
129656 119673 728
129656 728 129647
129647 728 47355
47355 728 47357
47355 47357 728
47355 47356 16635
16635 47356 47355
16635 103673 103671
103671 103673 16635
103672 103673 103671
103672 16636 140679
103672 140679 16636
72947 140679 103672
33168 140679 72947
33168 140680 140679
33168 140678 140677
140677 140678 33168
94076 140678 140677
94076 3624 56950
56950 3624 56952
56950 56952 3624
56950 56951 11303
11303 56951 56950
11303 119667 94073
94073 119667 11303
94073 56949 3622
3622 56949 56947
56947 56949 3622
56947 56948 24952
56947 24952 56948
57081 24952 119850
119850 24952 57081
119850 119662 24952
47478 119662 119850
1597 119662 119663
1597 119663 119662
1597 47349 47347
1597 47347 47349
47480 47347 1597
47481 47347 47480
47481 16627 103899
103899 16627 47481
103899 103657 16627
73323 103657 103899
73323 7567 73325
73323 73325 7567
73324 73325 73323
33327 73325 73324
33327 73326 73325
141140 73326 33327
141140 141141 73326
141140 10743 93065
93065 10743 93067
93065 93067 10743
93066 93067 93065
93066 10744 117316
117316 10744 93066
55272 10744 55271
55272 55271 10744
55272 55273 55271
23948 55273 55272
23948 55274 55273
117319 55274 23948
117319 117320 55274
117319 14951 100639
100639 14951 100641
100639 100641 14951
100640 100641 100639
14952 100641 100640
14952 100642 100641
14952 67894 67895
67895 67894 14952
67895 67896 67894
67895 30917 134384
134384 30917 67895
134384 134385 30917
134382 134385 134384
6667 134385 134382
6667 67890 67888
6667 67888 67886
6667 67886 67888
100638 67886 100637
100638 100637 14950
14950 100637 45669
14950 45669 100637
45670 45669 45668
45668 45669 14948
45668 14948 45669
45668 141123 14948
45668 141124 141123
1143 141124 45668
141133 141124 141132
141132 141124 33322
33322 141124 141123
33322 141123 73311
33322 73311 141123
33322 73312 73311
33322 141131 73312
141132 141131 73319
73319 141131 33324
33324 141131 141130
141130 141131 33324
141130 73312 7628
141130 7628 141127
141130 141127 141129
141129 141127 33323
33323 141127 141126
33323 141126 73314
73314 141126 33323
73314 141125 25030
73314 25030 73313
73313 25030 73314
119844 25030 119843
119844 119843 57076
57076 119843 25029
57076 25029 57075
57076 57075 25029
57077 57075 3665
3665 57075 57073
3665 57073 57071
3665 57071 57073
94149 57071 94148
94148 57071 11344
94148 11344 94147
94147 11344 94146
94147 94146 94145
94145 94146 3663
94145 3663 94146
129805 3663 129802
129805 129802 129804
129805 129804 29229
29229 129804 64279
64279 129804 29229
64279 129803 13746
13746 129803 98470
13746 98470 129803
98471 98470 98469
98471 98469 13745
98471 13745 98469
44466 13745 44465
44465 13745 44464
44465 44464 44463
44463 44464 13743
44463 13743 44464
44463 115629 13743
44463 115567 115629
</Vertices>
                <Weights>0.67 0.33 0
0.67 0.33 0
0.67 0.33 0
0.67 0.33 0
0.67 0.33 0
0.67 0.33 0
0.67 0.33 0
0.67 0.33 0
0.67 0.33 0
0.67 0.33 0
0.67 0.33 0
0.67 0.33 0
0.67 0.33 0
0.67 0.33 0
0.67 0.33 0
0.67 0.33 0
0.67 0.33 0
0.67 0.33 0
0.67 0.33 0
0.67 0.33 0
0.67 0.33 0
0.67 0.33 0
0.67 0.33 0
0.67 0.33 0
0.67 0.33 0
0.67 0.33 0
0.67 0.33 0
0.67 0.33 0
0.67 0.33 0
0.67 0.33 0
0.67 0.33 0
0.67 0.33 0
0.67 0.33 0
0.67 0.33 0
0.67 0.33 0
0.67 0.33 0
0.67 0.33 0
0.67 0.33 0
0.67 0.33 0
0.67 0.33 0
0.67 0.33 0
0.67 0.33 0
0.67 0.33 0
0.67 0.33 0
0.67 0.33 0
0.67 0.33 0
0.67 0.33 0
0.67 0.33 0
0.67 0.33 0
0.67 0.33 0
0.67 0.33 0
0.67 0.33 0
0.67 0.33 0
0.67 0.33 0
0.67 0.33 0
0.67 0.33 0
0.67 0.33 0
0.67 0.33 0
0.67 0.33 0
0.67 0.33 0
0.67 0.33 0
0.67 0.33 0
0.67 0.33 0
0.67 0.33 0
0.67 0.33 0
0.67 0.33 0
0.67 0.33 0
0.67 0.33 0
0.67 0.33 0
0.67 0.33 0
0.67 0.33 0
0.67 0.33 0
0.67 0.33 0
0.67 0.33 0
0.67 0.33 0
0.67 0.33 0
0.67 0.33 0
0.67 0.33 0
0.67 0.33 0
0.67 0.33 0
0.67 0.33 0
0.67 0.33 0
0.67 0.33 0
0.67 0.33 0
0.67 0.33 0
0.67 0.33 0
0.67 0.33 0
0.67 0.33 0
0.67 0.33 0
0.67 0.33 0
0.67 0.33 0
0.67 0.33 0
0.67 0.33 0
0.67 0.33 0
0.67 0.33 0
0.67 0.33 0
0.67 0.33 0
0.67 0.33 0
0.67 0.33 0
0.67 0.33 0
0.67 0.33 0
0.67 0.33 0
0.67 0.33 0
0.67 0.33 0
0.67 0.33 0
0.67 0.33 0
0.67 0.33 0
0.67 0.33 0
0.67 0.33 0
0.67 0.33 0
0.67 0.33 0
0.67 0.33 0
0.67 0.33 0
0.67 0.33 0
0.67 0.33 0
0.67 0.33 0
0.67 0.33 0
0.67 0.33 0
0.67 0.33 0
0.67 0.33 0
0.67 0.33 0
0.67 0.33 0
0.67 0.33 0
0.67 0.33 0
0.67 0.33 0
0.67 0.33 0
0.67 0.33 0
0.67 0.33 0
0.67 0.33 0
0.67 0.33 0
0.67 0.33 0
0.67 0.33 0
0.67 0.33 0
0.67 0.33 0
0.67 0.33 0
0.67 0.33 0
0.67 0.33 0
0.67 0.33 0
0.67 0.33 0
0.67 0.33 0
0.67 0.33 0
0.67 0.33 0
0.67 0.33 0
0.67 0.33 0
0.67 0.33 0
0.67 0.33 0
0.67 0.33 0
0.67 0.33 0
0.67 0.33 0
0.67 0.33 0
0.67 0.33 0
0.67 0.33 0
0.67 0.33 0
0.67 0.33 0
0.67 0.33 0
0.67 0.33 0
0.67 0.33 0
0.67 0.33 0
0.67 0.33 0
0.67 0.33 0
0.67 0.33 0
0.67 0.33 0
0.67 0.33 0
0.67 0.33 0
0.67 0.33 0
0.67 0.33 0
0.67 0.33 0
0.67 0.33 0
0.67 0.33 0
0.67 0.33 0
0.67 0.33 0
0.67 0.33 0
0.67 0.33 0
0.67 0.33 0
0.67 0.33 0
0.67 0.33 0
0.67 0.33 0
0.67 0.33 0
0.67 0.33 0
0.67 0.33 0
0.67 0.33 0
0.67 0.33 0
0.67 0.33 0
0.67 0.33 0
0.67 0.33 0
0.67 0.33 0
0.67 0.33 0
0.67 0.33 0
0.67 0.33 0
0.67 0.33 0
</Weights>
            </BorderPart>
        </Border>
        <Border Name="vogt4" Red="0.207843" Green="0.145098" Blue="0.156863">
            <BorderPart Closed="True">
                <Vertices>2205 51103 51101
51101 51103 2205
51102 51103 51101
20383 51103 51102
20383 51104 51103
20383 110419 110417
110417 110419 20383
110417 110418 9176
9176 110418 110417
9176 84190 84188
84188 84190 9176
84188 84189 37770
84188 37770 84187
84187 37770 154271
154271 37770 84187
154271 154272 37770
154263 154272 154271
154263 2202 124891
124891 2202 51078
124891 51078 124890
124890 51078 20358
20358 51078 51079
20358 51079 51078
20358 110374 110372
110372 110374 20358
110372 110373 4866
4866 110373 110372
84115 110373 4866
84115 154186 110373
84115 37741 84114
84115 84114 84113
84113 84114 27190
27190 84114 84113
154183 84114 27190
154183 154184 84114
154183 20357 51077
51077 20357 51076
51077 51076 51075
51075 51076 20355
51075 20355 51074
51074 20355 110366
110366 20355 51074
110366 110367 20355
110366 84101 20354
20354 84101 84102
84102 84101 20354
84102 84103 84101
84102 37736 154169
154169 37736 84102
154169 154170 37736
154167 154170 154169
9162 154170 154167
9162 84082 84080
9162 84080 84078
9162 84078 84080
110353 84078 110352
110352 84078 20346
20346 84078 84079
20346 84079 84078
154141 84079 20346
154141 154142 84079
37726 154142 154141
37726 154140 154139
37726 154139 84076
84076 154139 37726
84076 154138 37725
37725 154138 154137
37725 154137 154136
37725 154136 84074
37725 84074 154136
84075 84074 84073
84073 84074 37724
84073 37724 84072
84073 84072 84071
84071 84072 20344
84071 20344 84072
110348 20344 110347
110347 20344 110346
110347 110346 110345
110347 110345 20343
20343 110345 110347
20343 124868 110345
124869 124868 60666
60666 124868 27183
60666 27183 60665
60666 60665 27183
60667 60665 4862
4862 60665 60663
4862 60663 60665
96304 60663 96303
96304 96303 12542
12542 96303 43261
12542 43261 96303
12542 43262 43261
154147 43262 134341
134341 43262 519
134341 519 134340
134341 134340 519
134342 134340 30900
134342 30900 134340
67861 30900 67860
67861 67860 30900
67862 67860 6660
6660 67860 67858
6660 67858 67856
6660 67856 67858
100620 67856 100619
100619 67856 14939
100619 14939 100618
100619 100618 45659
100619 45659 14940
14940 45659 100619
14940 45660 45659
45661 45660 14940
45661 45662 45660
14942 45662 45661
14942 134351 45662
134352 134351 67869
134352 67869 30905
134352 30905 67869
134353 30905 134352
134355 30905 134354
134354 30905 67870
134354 67870 100626
134354 100626 14944
14944 100626 134354
14944 100627 100626
100628 100627 45664
100628 45664 14945
14945 45664 100628
14945 45665 45664
45666 45665 14945
45667 45665 1142
45667 1142 45665
45667 154218 1142
45667 154219 154218
14947 154219 45667
154220 154219 84144
154220 84144 37753
37753 84144 154220
84145 84144 84143
84145 84143 9170
84145 9170 84143
110391 9170 110390
110390 9170 84139
110390 84139 110389
110389 84139 20367
110389 20367 110388
110389 110388 51087
51087 110388 20366
20366 110388 110386
20366 110386 110388
124900 110386 124899
124900 124899 27197
27197 124899 124898
27197 124898 60687
27197 60687 124898
27197 60688 60687
60689 60688 27197
60690 60688 4870
4870 60688 60686
4870 60686 60688
4870 96318 60686
154230 96318 154229
154229 96318 12550
12550 96318 96317
12550 96317 43269
12550 43269 96317
12550 43270 43269
154228 43270 134370
134370 43270 261
134370 261 134369
134369 261 134370
134369 141115 261
134369 141116 141115
134369 30911 134371
134371 30911 134369
67884 30911 67883
67883 30911 67884
67883 141117 30911
141118 141117 33320
141118 33320 141117
141118 141120 33320
141121 141120 33321
141121 33321 141120
141122 33321 141121
141122 73311 33321
141122 141123 73311
141122 14948 100634
100634 14948 100636
100636 14948 100634
45669 14948 45668
45669 45668 14948
45669 45670 45668
45669 14950 100637
100637 14950 45669
100637 100638 14950
67886 100638 100637
67886 6667 67888
67888 6667 67886
67888 67890 6667
67889 67890 67888
30915 67890 67889
30915 134386 67890
30915 134387 134386
134379 134387 30915
134388 134387 30918
134388 30918 134387
134389 30918 134388
134389 67899 30918
134389 134390 67899
27199 134390 134389
27199 60691 60692
60692 60691 27199
60693 60691 4871
60693 4871 60691
96320 4871 96319
96320 96319 4871
96320 96321 96319
12552 96321 96320
96322 96321 43272
96322 43272 12553
12553 43272 96322
43273 43272 43271
43273 43271 521
43273 521 43271
43273 43275 521
43274 43275 43273
12555 43275 43274
12555 43276 43275
12555 96329 96327
96327 96329 12555
96328 96329 96327
96328 12556 124928
124928 12556 96328
124928 60709 12556
124928 124929 60709
27209 124929 124928
124927 124929 27209
124927 124930 124929
124927 4876 84203
84203 4876 84205
84203 84205 4876
84203 84204 27208
84203 27208 84204
124926 27208 124925
124925 27208 124924
124924 27208 154291
124924 154291 27208
124924 51107 2205
2205 51107 51105
2205 51105 51103
</Vertices>
                <Weights>0.67 0.33 0
0.67 0.33 0
0.67 0.33 0
0.67 0.33 0
0.67 0.33 0
0.67 0.33 0
0.67 0.33 0
0.67 0.33 0
0.67 0.33 0
0.67 0.33 0
0.67 0.33 0
0.67 0.33 0
0.67 0.33 0
0.67 0.33 0
0.67 0.33 0
0.67 0.33 0
0.67 0.33 0
0.67 0.33 0
0.67 0.33 0
0.67 0.33 0
0.67 0.33 0
0.67 0.33 0
0.67 0.33 0
0.67 0.33 0
0.67 0.33 0
0.67 0.33 0
0.67 0.33 0
0.67 0.33 0
0.67 0.33 0
0.67 0.33 0
0.67 0.33 0
0.67 0.33 0
0.67 0.33 0
0.67 0.33 0
0.67 0.33 0
0.67 0.33 0
0.67 0.33 0
0.67 0.33 0
0.67 0.33 0
0.67 0.33 0
0.67 0.33 0
0.67 0.33 0
0.67 0.33 0
0.67 0.33 0
0.67 0.33 0
0.67 0.33 0
0.67 0.33 0
0.67 0.33 0
0.67 0.33 0
0.67 0.33 0
0.67 0.33 0
0.67 0.33 0
0.67 0.33 0
0.67 0.33 0
0.67 0.33 0
0.67 0.33 0
0.67 0.33 0
0.67 0.33 0
0.67 0.33 0
0.67 0.33 0
0.67 0.33 0
0.67 0.33 0
0.67 0.33 0
0.67 0.33 0
0.67 0.33 0
0.67 0.33 0
0.67 0.33 0
0.67 0.33 0
0.67 0.33 0
0.67 0.33 0
0.67 0.33 0
0.67 0.33 0
0.67 0.33 0
0.67 0.33 0
0.67 0.33 0
0.67 0.33 0
0.67 0.33 0
0.67 0.33 0
0.67 0.33 0
0.67 0.33 0
0.67 0.33 0
0.67 0.33 0
0.67 0.33 0
0.67 0.33 0
0.67 0.33 0
0.67 0.33 0
0.67 0.33 0
0.67 0.33 0
0.67 0.33 0
0.67 0.33 0
0.67 0.33 0
0.67 0.33 0
0.67 0.33 0
0.67 0.33 0
0.67 0.33 0
0.67 0.33 0
0.67 0.33 0
0.67 0.33 0
0.67 0.33 0
0.67 0.33 0
0.67 0.33 0
0.67 0.33 0
0.67 0.33 0
0.67 0.33 0
0.67 0.33 0
0.67 0.33 0
0.67 0.33 0
0.67 0.33 0
0.67 0.33 0
0.67 0.33 0
0.67 0.33 0
0.67 0.33 0
0.67 0.33 0
0.67 0.33 0
0.67 0.33 0
0.67 0.33 0
0.67 0.33 0
0.67 0.33 0
0.67 0.33 0
0.67 0.33 0
0.67 0.33 0
0.67 0.33 0
0.67 0.33 0
0.67 0.33 0
0.67 0.33 0
0.67 0.33 0
0.67 0.33 0
0.67 0.33 0
0.67 0.33 0
0.67 0.33 0
0.67 0.33 0
0.67 0.33 0
0.67 0.33 0
0.67 0.33 0
0.67 0.33 0
0.67 0.33 0
0.67 0.33 0
0.67 0.33 0
0.67 0.33 0
0.67 0.33 0
0.67 0.33 0
0.67 0.33 0
0.67 0.33 0
0.67 0.33 0
0.67 0.33 0
0.67 0.33 0
0.67 0.33 0
0.67 0.33 0
0.67 0.33 0
0.67 0.33 0
0.67 0.33 0
0.67 0.33 0
0.67 0.33 0
0.67 0.33 0
0.67 0.33 0
0.67 0.33 0
0.67 0.33 0
0.67 0.33 0
0.67 0.33 0
0.67 0.33 0
0.67 0.33 0
0.67 0.33 0
0.67 0.33 0
0.67 0.33 0
0.67 0.33 0
0.67 0.33 0
0.67 0.33 0
0.67 0.33 0
0.67 0.33 0
0.67 0.33 0
0.67 0.33 0
0.67 0.33 0
0.67 0.33 0
0.67 0.33 0
0.67 0.33 0
0.67 0.33 0
0.67 0.33 0
0.67 0.33 0
0.67 0.33 0
0.67 0.33 0
0.67 0.33 0
0.67 0.33 0
0.67 0.33 0
0.67 0.33 0
0.67 0.33 0
0.67 0.33 0
0.67 0.33 0
0.67 0.33 0
0.67 0.33 0
0.67 0.33 0
0.67 0.33 0
0.67 0.33 0
0.67 0.33 0
0.67 0.33 0
0.67 0.33 0
0.67 0.33 0
0.67 0.33 0
0.67 0.33 0
0.67 0.33 0
0.67 0.33 0
0.67 0.33 0
0.67 0.33 0
0.67 0.33 0
0.67 0.33 0
0.67 0.33 0
0.67 0.33 0
0.67 0.33 0
0.67 0.33 0
0.67 0.33 0
0.67 0.33 0
0.67 0.33 0
0.67 0.33 0
0.67 0.33 0
0.67 0.33 0
0.67 0.33 0
0.67 0.33 0
0.67 0.33 0
0.67 0.33 0
0.67 0.33 0
0.67 0.33 0
0.67 0.33 0
0.67 0.33 0
0.67 0.33 0
0.67 0.33 0
0.67 0.33 0
0.67 0.33 0
0.67 0.33 0
0.67 0.33 0
0.67 0.33 0
0.67 0.33 0
0.67 0.33 0
0.67 0.33 0
0.67 0.33 0
0.67 0.33 0
0.67 0.33 0
0.67 0.33 0
0.67 0.33 0
0.67 0.33 0
0.67 0.33 0
0.67 0.33 0
0.67 0.33 0
0.67 0.33 0
0.67 0.33 0
0.67 0.33 0
0.67 0.33 0
0.67 0.33 0
0.67 0.33 0
0.67 0.33 0
0.67 0.33 0
0.67 0.33 0
0.67 0.33 0
0.67 0.33 0
</Weights>
            </BorderPart>
        </Border>
        <Border Name="vogt5" Red="0.207843" Green="0.145098" Blue="0.156863">
            <BorderPart Closed="True">
                <Vertices>118 41448 41450
41450 41448 118
41449 41448 10728
41449 10728 41448
41449 93040 10728
41449 93041 10730
10730 93041 41449
93042 93041 10730
93042 55226 93041
3050 55226 55228
3050 55228 55226
3050 55230 55228
55232 55230 3050
55231 55230 23922
55231 23922 55230
55231 117260 23922
55231 117261 23924
23924 117261 55231
117262 117261 23924
117262 67778 117261
3051 67778 67780
3051 67780 67778
3051 100572 100571
100571 100572 3051
100571 100573 14913
14913 100573 100571
14913 45634 45633
45633 45634 14913
45635 45634 45633
45635 14915 45634
45635 45636 14915
45637 45636 45635
14917 45636 100578
14917 100578 45636
100579 100578 14917
100579 67788 100578
6646 67788 67790
67790 67788 6646
67790 67789 67788
67790 30867 67789
67790 67791 30867
67792 67791 67790
30868 67791 134253
134253 67791 30868
134253 134252 67791
134253 12513 134252
43233 12513 43234
43233 43234 12513
43233 43235 516
516 43235 43233
43237 43235 516
43237 43236 43235
12517 43236 96258
12517 96258 43236
96259 96258 12517
60588 96258 12516
60588 12516 60589
60588 60589 12516
60590 60589 60588
27138 60589 124761
27138 124761 60589
27138 124762 124761
124763 124762 27138
110210 124762 4836
110210 4836 110211
110211 4836 110210
110211 83845 4836
110211 153862 20269
20269 153862 110211
83847 153862 20269
153863 153862 83847
153863 37633 153862
153863 153861 37633
153864 153861 153863
153864 9130 153861
153864 83842 9130
153865 83842 153864
153865 37632 83842
153866 37632 153865
153858 37632 153857
153857 37632 83841
153857 83841 37632
153857 153856 83841
153857 13927 153856
153857 44647 13927
153858 44647 153857
802 44647 44649
44649 44647 802
44649 44648 44647
44649 13929 44648
44649 130503 115883
115883 130503 23333
23333 130503 115883
64831 130503 23333
64831 130504 29487
64831 29487 130504
64831 64832 64830
64830 64832 2723
64830 2723 64832
115886 2723 64830
115886 115889 115888
115888 115889 23335
23335 115889 115888
23335 115890 115889
23335 54253 54252
54252 54253 23335
54254 54253 54252
54254 23336 54253
160446 23336 54254
160447 23336 160446
160447 115892 23336
160447 160448 39830
160447 39830 89331
89331 39830 160447
89332 39830 89331
160455 39830 89332
160455 160456 89339
160455 89339 39832
39832 89339 89338
39832 89338 89337
89337 89338 89336
89337 89336 22099
22099 89336 89337
22099 113507 113506
113506 113507 52819
113506 52819 22098
113506 22098 113504
113504 22098 113506
113504 127325 127324
127324 127325 28236
127324 28236 127323
127323 28236 62419
127323 62419 28236
127322 62419 13126
13126 62419 62418
13126 62418 62419
13126 97356 97355
13126 97355 97354
97354 97355 97353
97353 97355 13125
97353 13125 97355
97353 148053 148052
148052 148053 35686
148052 35686 148051
148051 35686 79016
148051 79016 35686
148051 148050 79016
35685 148050 79014
79014 148050 107312
79014 107312 8470
8470 107312 107311
8470 107311 79008
79008 107311 107310
79008 107310 18656
18656 107310 107309
107309 107310 49376
107309 49376 18655
18655 49376 49375
18655 49375 49376
122506 49375 18655
122506 122507 26171
26171 122507 122506
26171 148063 148062
26171 148062 58979
26171 58979 58978
58978 58979 58977
58977 58979 4299
58977 4299 58975
58977 58975 4299
58976 58975 11978
58976 11978 58975
122502 11978 95288
122502 95288 11978
122502 58974 95288
26169 58974 58973
58973 58974 58972
58973 58972 26167
26167 58972 58973
26167 154139 154138
154138 154139 84076
154138 84076 37725
154138 37725 154137
154137 37725 154136
154136 37725 84074
84074 37725 154136
84074 84075 84073
84074 84073 37724
37724 84073 84072
84072 84073 84071
84072 84071 20344
20344 84071 84072
20344 110348 110347
20344 110347 110346
110346 110347 110345
110345 110347 20343
110345 20343 110347
124868 20343 110345
124868 124869 60666
124868 60666 27183
27183 60666 60665
60665 60666 27183
60665 60667 4862
60665 4862 60663
60663 4862 60665
60663 96304 96303
96303 96304 12542
96303 12542 43261
43261 12542 96303
43262 12542 43261
43262 154147 134341
43262 134341 519
519 134341 134340
134340 134341 519
134340 134342 30900
30900 134342 134340
30900 67861 67860
67860 67861 30900
67860 67862 6660
67860 6660 67858
67858 6660 67856
67856 6660 67858
67856 100620 100619
67856 100619 14939
67856 14939 67857
67857 14939 67856
67857 134335 14939
134336 134335 67857
30898 134335 67855
30898 67855 67854
30898 67854 134333
134333 67854 30898
134332 67854 30897
134332 30897 134331
134331 30897 134330
134331 134330 30897
134331 134322 134330
1139 134322 51046
1139 51046 51048
51048 51046 1139
51047 51046 20326
51047 20326 51046
110316 20326 110314
110316 110314 20326
110315 110314 6657
6657 110314 110315
6657 134319 134316
6657 134316 84016
6657 84016 84018
84018 84016 6657
84018 84017 84016
37702 84017 154067
154067 84017 37702
154067 154066 84017
12535 154066 43255
12535 43255 43254
12535 43254 96290
96290 43254 12535
96289 43254 12533
12533 43254 43253
12533 43253 43252
12533 43252 96286
12533 96286 43252
96287 96286 12533
60634 96286 12532
60634 12532 60635
60635 12532 60634
124824 12532 96284
124824 96284 12532
124824 60633 96284
124824 27165 60633
124825 27165 124824
124825 124823 27165
124826 124823 124825
4852 124823 83979
4852 83979 83981
83981 83979 4852
83981 83980 83979
83981 37687 83980
154024 37687 83981
154025 37687 154024
154023 37687 154022
154023 154022 37687
154023 110291 154022
154023 9148 110291
154023 154026 154025
154025 154026 37688
154025 37688 83983
83983 37688 154025
83984 37688 83983
83984 83985 37688
83984 83986 9149
9149 83986 83984
83988 83986 9149
83988 83987 83986
37690 83987 154031
37690 154031 83987
37690 154032 154031
154034 154032 37690
154035 154032 154034
154035 9141 154032
154035 83925 9141
154036 83925 154035
154036 37665 83925
154037 37665 154036
153957 37665 153956
153957 153956 37665
153957 140977 153956
118 140977 41448
</Vertices>
                <Weights>0.67 0.33 0
0.67 0.33 0
0.67 0.33 0
0.67 0.33 0
0.67 0.33 0
0.67 0.33 0
0.67 0.33 0
0.67 0.33 0
0.67 0.33 0
0.67 0.33 0
0.67 0.33 0
0.67 0.33 0
0.67 0.33 0
0.67 0.33 0
0.67 0.33 0
0.67 0.33 0
0.67 0.33 0
0.67 0.33 0
0.67 0.33 0
0.67 0.33 0
0.67 0.33 0
0.67 0.33 0
0.67 0.33 0
0.67 0.33 0
0.67 0.33 0
0.67 0.33 0
0.67 0.33 0
0.67 0.33 0
0.67 0.33 0
0.67 0.33 0
0.67 0.33 0
0.67 0.33 0
0.67 0.33 0
0.67 0.33 0
0.67 0.33 0
0.67 0.33 0
0.67 0.33 0
0.67 0.33 0
0.67 0.33 0
0.67 0.33 0
0.67 0.33 0
0.67 0.33 0
0.67 0.33 0
0.67 0.33 0
0.67 0.33 0
0.67 0.33 0
0.67 0.33 0
0.67 0.33 0
0.67 0.33 0
0.67 0.33 0
0.67 0.33 0
0.67 0.33 0
0.67 0.33 0
0.67 0.33 0
0.67 0.33 0
0.67 0.33 0
0.67 0.33 0
0.67 0.33 0
0.67 0.33 0
0.67 0.33 0
0.67 0.33 0
0.67 0.33 0
0.67 0.33 0
0.67 0.33 0
0.67 0.33 0
0.67 0.33 0
0.67 0.33 0
0.67 0.33 0
0.67 0.33 0
0.67 0.33 0
0.67 0.33 0
0.67 0.33 0
0.67 0.33 0
0.67 0.33 0
0.67 0.33 0
0.67 0.33 0
0.67 0.33 0
0.67 0.33 0
0.67 0.33 0
0.67 0.33 0
0.67 0.33 0
0.67 0.33 0
0.67 0.33 0
0.67 0.33 0
0.67 0.33 0
0.67 0.33 0
0.67 0.33 0
0.67 0.33 0
0.67 0.33 0
0.67 0.33 0
0.67 0.33 0
0.67 0.33 0
0.67 0.33 0
0.67 0.33 0
0.67 0.33 0
0.67 0.33 0
0.67 0.33 0
0.67 0.33 0
0.67 0.33 0
0.67 0.33 0
0.67 0.33 0
0.67 0.33 0
0.67 0.33 0
0.67 0.33 0
0.67 0.33 0
0.67 0.33 0
0.67 0.33 0
0.67 0.33 0
0.67 0.33 0
0.67 0.33 0
0.67 0.33 0
0.67 0.33 0
0.67 0.33 0
0.67 0.33 0
0.67 0.33 0
0.67 0.33 0
0.67 0.33 0
0.67 0.33 0
0.67 0.33 0
0.67 0.33 0
0.67 0.33 0
0.67 0.33 0
0.67 0.33 0
0.67 0.33 0
0.67 0.33 0
0.67 0.33 0
0.67 0.33 0
0.67 0.33 0
0.67 0.33 0
0.67 0.33 0
0.67 0.33 0
0.67 0.33 0
0.67 0.33 0
0.67 0.33 0
0.67 0.33 0
0.67 0.33 0
0.67 0.33 0
0.67 0.33 0
0.67 0.33 0
0.67 0.33 0
0.67 0.33 0
0.67 0.33 0
0.67 0.33 0
0.67 0.33 0
0.67 0.33 0
0.67 0.33 0
0.67 0.33 0
0.67 0.33 0
0.67 0.33 0
0.67 0.33 0
0.67 0.33 0
0.67 0.33 0
0.67 0.33 0
0.67 0.33 0
0.67 0.33 0
0.67 0.33 0
0.67 0.33 0
0.67 0.33 0
0.67 0.33 0
0.67 0.33 0
0.67 0.33 0
0.67 0.33 0
0.67 0.33 0
0.67 0.33 0
0.67 0.33 0
0.67 0.33 0
0.67 0.33 0
0.67 0.33 0
0.67 0.33 0
0.67 0.33 0
0.67 0.33 0
0.67 0.33 0
0.67 0.33 0
0.67 0.33 0
0.67 0.33 0
0.67 0.33 0
0.67 0.33 0
0.67 0.33 0
0.67 0.33 0
0.67 0.33 0
0.67 0.33 0
0.67 0.33 0
0.67 0.33 0
0.67 0.33 0
0.67 0.33 0
0.67 0.33 0
0.67 0.33 0
0.67 0.33 0
0.67 0.33 0
0.67 0.33 0
0.67 0.33 0
0.67 0.33 0
0.67 0.33 0
0.67 0.33 0
0.67 0.33 0
0.67 0.33 0
0.67 0.33 0
0.67 0.33 0
0.67 0.33 0
0.67 0.33 0
0.67 0.33 0
0.67 0.33 0
0.67 0.33 0
0.67 0.33 0
0.67 0.33 0
0.67 0.33 0
0.67 0.33 0
0.67 0.33 0
0.67 0.33 0
0.67 0.33 0
0.67 0.33 0
0.67 0.33 0
0.67 0.33 0
0.67 0.33 0
0.67 0.33 0
0.67 0.33 0
0.67 0.33 0
0.67 0.33 0
0.67 0.33 0
0.67 0.33 0
0.67 0.33 0
0.67 0.33 0
0.67 0.33 0
0.67 0.33 0
0.67 0.33 0
0.67 0.33 0
0.67 0.33 0
0.67 0.33 0
0.67 0.33 0
0.67 0.33 0
0.67 0.33 0
0.67 0.33 0
0.67 0.33 0
0.67 0.33 0
0.67 0.33 0
0.67 0.33 0
0.67 0.33 0
0.67 0.33 0
0.67 0.33 0
0.67 0.33 0
0.67 0.33 0
0.67 0.33 0
0.67 0.33 0
0.67 0.33 0
0.67 0.33 0
0.67 0.33 0
0.67 0.33 0
0.67 0.33 0
0.67 0.33 0
0.67 0.33 0
0.67 0.33 0
0.67 0.33 0
0.67 0.33 0
0.67 0.33 0
0.67 0.33 0
0.67 0.33 0
0.67 0.33 0
0.67 0.33 0
0.67 0.33 0
0.67 0.33 0
