<?xml version="1.0" encoding="UTF-8"?>
<BorderFile Version="3" Structure="CORTEX_RIGHT" SurfaceNumberOfVertices="163842">
    <MetaData>
        <MD>
            <Name>ParentProvenance</Name>
            <Value>../02_data/Final/maps/Surface/Freesurfer_fsaverage/fsaverage/gii/parcellation/nieuwenhuys_parcellation_on_fsaverage_rh_glasser_colormap.label.gii:
/local_raid1/01_software/workbench/bin_linux64/../exe_linux64/wb_command -metric-label-import /local_raid1/03_user/seokjun/01_project/08_Vogt_Vogt_mapping/02_data/Final/maps/Surface/Freesurfer_fsaverage/fsaverage/gii/parcellation/nieuwenhuys_parcellation_on_fsaverage_rh.gii /local_raid1/03_user/seokjun/01_project/08_Vogt_Vogt_mapping/01_analysis//label_vogt_vogt_glasser_colormap.txt /local_raid1/03_user/seokjun/01_project/08_Vogt_Vogt_mapping/02_data/Final/maps/Surface/Freesurfer_fsaverage/fsaverage/gii/parcellation/nieuwenhuys_parcellation_on_fsaverage_rh_glasser_colormap.label.gii -drop-unused-labels

</Value>
        </MD>
        <MD>
            <Name>ProgramProvenance</Name>
            <Value>Connectome Workbench
Type: Command Line Application
Version: 1.4.2
Qt Compiled Version: 5.7.0
Qt Runtime Version: 5.7.0
Commit: 092b7f2f7dfab0f9ea7cbb6c1db2e5dffd2c1045
Commit Date: 2020-01-07 17:24:23 -0600
Compiled with OpenMP: YES
Compiler: g++ (/home/caret/gcc/install/gcc-4.8.5/bin)
Compiler Version: 4.8.5
Compiled Debug: NO
Operating System: Linux
</Value>
        </MD>
        <MD>
            <Name>Provenance</Name>
            <Value>/local_raid1/01_software/workbench/bin_linux64/../exe_linux64/wb_command -label-to-border ../02_data/Final/cortical_surface/fsaverage/rh.pial.surf.gii ../02_data/Final/maps/Surface/Freesurfer_fsaverage/fsaverage/gii/parcellation/nieuwenhuys_parcellation_on_fsaverage_rh_glasser_colormap.label.gii ../02_data/Final/maps/Surface/Freesurfer_fsaverage/fsaverage/gii/parcellation/nieuwenhuys_parcellation_on_fsaverage_rh_glasser_colormap.border</Value>
        </MD>
        <MD>
            <Name>WorkingDirectory</Name>
            <Value>/local_raid1/03_user/seokjun/01_project/08_Vogt_Vogt_mapping/01_analysis</Value>
        </MD>
    </MetaData>
    <Class Name="#1" Red="0" Green="0" Blue="0">
        <Border Name="vogt1" Red="0.0784314" Green="0.0196078" Blue="0">
            <BorderPart Closed="True">
                <Vertices>1167 45744 45742
45742 45744 1167
45742 45743 15022
15022 45743 45742
15022 100770 100768
100768 100770 15022
100769 100770 100768
100769 15023 134658
100769 134658 15023
68109 134658 100769
68109 31017 68108
68108 31017 134656
68108 134656 31017
68108 134655 31015
31015 134655 134653
31015 134653 134652
134652 134653 31015
134652 43338 12618
12618 43338 43339
43339 43338 12618
43339 43340 43338
43339 12620 96443
96443 12620 43339
96444 12620 96443
96446 12620 96444
96446 43341 12620
96446 96447 43341
96446 12621 96445
96445 12621 125201
96445 125201 12621
60902 125201 96445
27326 125201 60902
27326 125202 125201
125200 125202 27326
125200 125203 125202
125200 4941 84788
84788 4941 84790
84790 4941 84788
84790 110778 4941
84790 154995 110778
38010 154995 84790
154996 154995 84792
154996 84792 38011
154996 38011 84792
154997 38011 154996
154997 154998 38011
154997 84787 9255
9255 84787 84785
84785 84787 9255
84785 84786 38008
38008 84786 84785
38008 154989 154988
154988 154989 38008
154988 60884 4934
154988 4934 154985
154985 4934 96434
96434 4934 60880
96434 60880 96433
96433 60880 12613
96433 12613 96432
96432 12613 96431
96431 12613 125169
96431 125169 12613
96431 60879 4932
96431 4932 96430
96430 4932 60873
60873 4932 60875
60873 60875 4932
60874 60875 60873
60874 27309 125160
60874 125160 27309
125159 125160 60874
27308 125160 125159
27308 125158 125157
125157 125158 27308
125157 84698 27307
125157 27307 125156
125156 27307 125155
125155 27307 154884
154884 27307 125155
154884 84699 27307
154884 154885 84699
154884 20552 51272
51272 20552 51271
51271 20552 110721
110721 20552 51271
110721 110722 20552
84693 110722 110721
84693 9243 84695
84695 9243 84693
84695 84697 9243
84696 84697 84695
84696 37973 154882
84696 154882 37973
154881 154882 84696
154881 27305 60869
154881 60869 154880
154880 60869 4929
4929 60869 60867
4929 60867 60865
4929 60865 60867
96425 60865 96424
96424 60865 12608
96424 12608 96423
96424 96423 43328
43328 96423 12607
12607 96423 96421
12607 96421 96420
12607 96420 43326
43326 96420 12607
96419 96420 43326
96419 12606 96418
96419 96418 96417
96417 96418 4925
4925 96418 96417
4925 60857 60855
4925 60855 60853
60853 60855 4925
60854 60855 60853
60854 27297 125132
60854 125132 27297
60854 125131 27296
27296 125131 125130
125130 125131 27296
125130 110683 4924
125130 4924 125127
125127 4924 84631
84631 4924 84633
84631 84633 4924
84632 84633 84631
37947 84633 84632
37947 154806 84633
37947 154807 154806
154805 154807 37947
154805 154808 154807
154805 9234 110682
110682 9234 84626
84626 9234 84628
84626 84628 9234
84626 84627 20529
84626 20529 84627
110681 20529 110680
110680 20529 110679
110679 20529 154797
110679 154797 20529
110679 84625 6697
6697 84625 84623
6697 84623 84625
134572 84623 134571
134571 84623 30985
134571 30985 134570
134570 30985 134569
134570 134569 134568
134568 134569 526
134568 526 43316
134568 43316 134567
134567 43316 12596
12596 43316 43317
12596 43317 43316
96402 43317 12596
96402 96403 43317
96402 12597 96401
96402 96401 96400
96400 96401 4916
4916 96401 96400
4916 60828 60826
4916 60826 60828
134562 60826 134561
134562 134561 30982
134562 30982 134561
134564 30982 134563
134563 30982 68035
68035 30982 68034
68035 68034 68033
68035 68033 6695
6695 68033 68031
6695 68031 68029
68029 68031 6695
68029 68030 14997
14997 68030 68029
134554 68030 14997
134554 134555 68030
134554 30979 68028
134554 68028 100721
100721 68028 3079
3079 68028 68026
68026 68028 3079
68026 68027 23973
68026 23973 68027
117377 23973 117376
117377 117376 55314
55314 117376 23972
23972 117376 117374
23972 117374 117376
23972 141299 117374
23972 141300 141299
55313 141300 23972
141301 141300 33383
141301 33383 141300
141301 141303 33383
141304 141303 33384
141304 33384 141303
141305 33384 141304
141305 73461 33384
141306 73461 33385
33385 73461 141306
33385 73462 73461
33385 73463 73462
141309 73463 33385
141309 141310 73463
33386 141310 141309
84735 141310 33386
84735 141311 141310
84735 7652 84737
84737 7652 84735
110746 7652 110745
110746 110745 7652
110746 110747 110745
20566 110747 110746
20566 110748 110747
84738 110748 20566
110749 110748 20567
110749 20567 110748
154939 20567 154938
154939 154938 84744
84744 154938 27316
84744 27316 84743
84743 27316 84744
84743 125178 27316
125179 125178 27317
125179 27317 125178
125181 27317 125180
125181 125180 60889
60889 125180 12616
60889 12616 60888
60888 12616 60889
60888 96438 12616
96439 96438 12617
96439 12617 96438
96439 154957 12617
154958 154957 37998
37998 154957 84759
84759 154957 37998
84759 154956 31006
84759 31006 84758
84758 31006 84759
134628 31006 134627
134628 134627 68086
134628 68086 31007
31007 68086 134628
68087 68086 68085
68087 68085 6705
6705 68085 68087
141365 68085 141364
141365 141364 33405
141365 33405 141364
141365 141367 33405
141368 141367 33406
33406 141367 73511
33406 73511 141367
73512 73511 73510
73512 73510 7659
73512 7659 73510
73514 7659 73512
141377 7659 141374
141374 7659 104012
141374 104012 141373
141374 141373 33408
33408 141373 73516
33408 73516 141373
73517 73516 73515
73517 73515 3688
3688 73515 73517
3688 119939 73515
119942 119939 119941
119942 119941 25072
119942 25072 119941
119943 25072 119942
57148 25072 57147
57148 57147 25072
57015 57147 3645
57015 3645 57017
57015 57017 3645
57015 57016 24993
24993 57016 57015
24993 119759 119757
119757 119759 24993
119757 119758 1611
119757 1611 119758
47545 1611 47547
47547 1611 47545
47547 47415 1611
47547 47548 16827
47547 16827 47546
47546 16827 104016
104016 16827 47546
104017 16827 104016
104017 104019 16827
104018 104019 104017
16828 104019 104018
16828 104020 104019
16828 73525 73526
73526 73525 16828
73526 73527 73525
73526 33412 141385
141385 33412 73526
141386 33412 141385
141386 141387 33412
93105 141387 141386
93105 10765 93107
93105 93107 10765
93106 93107 93105
10766 93107 93106
10766 93108 93107
10766 55338 55339
55339 55338 10766
55339 55340 55338
23988 55340 55339
23988 55341 55340
117413 55341 23988
117414 55341 23989
117414 23989 55341
117414 117415 23989
45738 117415 117414
1167 117415 45738
1167 117416 117415
</Vertices>
                <Weights>0.67 0.33 0
0.67 0.33 0
0.67 0.33 0
0.67 0.33 0
0.67 0.33 0
0.67 0.33 0
0.67 0.33 0
0.67 0.33 0
0.67 0.33 0
0.67 0.33 0
0.67 0.33 0
0.67 0.33 0
0.67 0.33 0
0.67 0.33 0
0.67 0.33 0
0.67 0.33 0
0.67 0.33 0
0.67 0.33 0
0.67 0.33 0
0.67 0.33 0
0.67 0.33 0
0.67 0.33 0
0.67 0.33 0
0.67 0.33 0
0.67 0.33 0
0.67 0.33 0
0.67 0.33 0
0.67 0.33 0
0.67 0.33 0
0.67 0.33 0
0.67 0.33 0
0.67 0.33 0
0.67 0.33 0
0.67 0.33 0
0.67 0.33 0
0.67 0.33 0
0.67 0.33 0
0.67 0.33 0
0.67 0.33 0
0.67 0.33 0
0.67 0.33 0
0.67 0.33 0
0.67 0.33 0
0.67 0.33 0
0.67 0.33 0
0.67 0.33 0
0.67 0.33 0
0.67 0.33 0
0.67 0.33 0
0.67 0.33 0
0.67 0.33 0
0.67 0.33 0
0.67 0.33 0
0.67 0.33 0
0.67 0.33 0
0.67 0.33 0
0.67 0.33 0
0.67 0.33 0
0.67 0.33 0
0.67 0.33 0
0.67 0.33 0
0.67 0.33 0
0.67 0.33 0
0.67 0.33 0
0.67 0.33 0
0.67 0.33 0
0.67 0.33 0
0.67 0.33 0
0.67 0.33 0
0.67 0.33 0
0.67 0.33 0
0.67 0.33 0
0.67 0.33 0
0.67 0.33 0
0.67 0.33 0
0.67 0.33 0
0.67 0.33 0
0.67 0.33 0
0.67 0.33 0
0.67 0.33 0
0.67 0.33 0
0.67 0.33 0
0.67 0.33 0
0.67 0.33 0
0.67 0.33 0
0.67 0.33 0
0.67 0.33 0
0.67 0.33 0
0.67 0.33 0
0.67 0.33 0
0.67 0.33 0
0.67 0.33 0
0.67 0.33 0
0.67 0.33 0
0.67 0.33 0
0.67 0.33 0
0.67 0.33 0
0.67 0.33 0
0.67 0.33 0
0.67 0.33 0
0.67 0.33 0
0.67 0.33 0
0.67 0.33 0
0.67 0.33 0
0.67 0.33 0
0.67 0.33 0
0.67 0.33 0
0.67 0.33 0
0.67 0.33 0
0.67 0.33 0
0.67 0.33 0
0.67 0.33 0
0.67 0.33 0
0.67 0.33 0
0.67 0.33 0
0.67 0.33 0
0.67 0.33 0
0.67 0.33 0
0.67 0.33 0
0.67 0.33 0
0.67 0.33 0
0.67 0.33 0
0.67 0.33 0
0.67 0.33 0
0.67 0.33 0
0.67 0.33 0
0.67 0.33 0
0.67 0.33 0
0.67 0.33 0
0.67 0.33 0
0.67 0.33 0
0.67 0.33 0
0.67 0.33 0
0.67 0.33 0
0.67 0.33 0
0.67 0.33 0
0.67 0.33 0
0.67 0.33 0
0.67 0.33 0
0.67 0.33 0
0.67 0.33 0
0.67 0.33 0
0.67 0.33 0
0.67 0.33 0
0.67 0.33 0
0.67 0.33 0
0.67 0.33 0
0.67 0.33 0
0.67 0.33 0
0.67 0.33 0
0.67 0.33 0
0.67 0.33 0
0.67 0.33 0
0.67 0.33 0
0.67 0.33 0
0.67 0.33 0
0.67 0.33 0
0.67 0.33 0
0.67 0.33 0
0.67 0.33 0
0.67 0.33 0
0.67 0.33 0
0.67 0.33 0
0.67 0.33 0
0.67 0.33 0
0.67 0.33 0
0.67 0.33 0
0.67 0.33 0
0.67 0.33 0
0.67 0.33 0
0.67 0.33 0
0.67 0.33 0
0.67 0.33 0
0.67 0.33 0
0.67 0.33 0
0.67 0.33 0
0.67 0.33 0
0.67 0.33 0
0.67 0.33 0
0.67 0.33 0
0.67 0.33 0
0.67 0.33 0
0.67 0.33 0
0.67 0.33 0
0.67 0.33 0
0.67 0.33 0
0.67 0.33 0
0.67 0.33 0
0.67 0.33 0
0.67 0.33 0
0.67 0.33 0
0.67 0.33 0
0.67 0.33 0
0.67 0.33 0
0.67 0.33 0
0.67 0.33 0
0.67 0.33 0
0.67 0.33 0
0.67 0.33 0
0.67 0.33 0
0.67 0.33 0
0.67 0.33 0
0.67 0.33 0
0.67 0.33 0
0.67 0.33 0
0.67 0.33 0
0.67 0.33 0
0.67 0.33 0
0.67 0.33 0
0.67 0.33 0
0.67 0.33 0
0.67 0.33 0
0.67 0.33 0
0.67 0.33 0
0.67 0.33 0
0.67 0.33 0
0.67 0.33 0
0.67 0.33 0
0.67 0.33 0
0.67 0.33 0
0.67 0.33 0
0.67 0.33 0
0.67 0.33 0
0.67 0.33 0
0.67 0.33 0
0.67 0.33 0
0.67 0.33 0
0.67 0.33 0
0.67 0.33 0
0.67 0.33 0
0.67 0.33 0
0.67 0.33 0
0.67 0.33 0
0.67 0.33 0
0.67 0.33 0
0.67 0.33 0
0.67 0.33 0
0.67 0.33 0
0.67 0.33 0
0.67 0.33 0
0.67 0.33 0
0.67 0.33 0
0.67 0.33 0
0.67 0.33 0
0.67 0.33 0
0.67 0.33 0
0.67 0.33 0
0.67 0.33 0
0.67 0.33 0
0.67 0.33 0
0.67 0.33 0
0.67 0.33 0
0.67 0.33 0
0.67 0.33 0
0.67 0.33 0
0.67 0.33 0
0.67 0.33 0
0.67 0.33 0
0.67 0.33 0
0.67 0.33 0
0.67 0.33 0
0.67 0.33 0
0.67 0.33 0
0.67 0.33 0
0.67 0.33 0
0.67 0.33 0
0.67 0.33 0
0.67 0.33 0
0.67 0.33 0
0.67 0.33 0
0.67 0.33 0
0.67 0.33 0
0.67 0.33 0
0.67 0.33 0
0.67 0.33 0
0.67 0.33 0
0.67 0.33 0
0.67 0.33 0
0.67 0.33 0
0.67 0.33 0
0.67 0.33 0
0.67 0.33 0
0.67 0.33 0
0.67 0.33 0
0.67 0.33 0
0.67 0.33 0
0.67 0.33 0
0.67 0.33 0
0.67 0.33 0
0.67 0.33 0
0.67 0.33 0
0.67 0.33 0
0.67 0.33 0
0.67 0.33 0
0.67 0.33 0
0.67 0.33 0
0.67 0.33 0
0.67 0.33 0
0.67 0.33 0
0.67 0.33 0
0.67 0.33 0
0.67 0.33 0
0.67 0.33 0
0.67 0.33 0
0.67 0.33 0
0.67 0.33 0
0.67 0.33 0
0.67 0.33 0
0.67 0.33 0
0.67 0.33 0
0.67 0.33 0
0.67 0.33 0
0.67 0.33 0
0.67 0.33 0
0.67 0.33 0
0.67 0.33 0
0.67 0.33 0
0.67 0.33 0
0.67 0.33 0
0.67 0.33 0
0.67 0.33 0
0.67 0.33 0
0.67 0.33 0
0.67 0.33 0
0.67 0.33 0
0.67 0.33 0
</Weights>
            </BorderPart>
        </Border>
        <Border Name="vogt2" Red="0.364706" Green="0.129412" Blue="0.203922">
            <BorderPart Closed="True">
                <Vertices>526 134568 43316
43316 134568 134567
43316 134567 12596
43316 12596 43317
43317 12596 43316
43317 96402 12596
96403 96402 43317
12597 96402 96401
12597 96401 125097
12597 125097 96401
12597 60830 60829
60829 60830 12597
60829 60831 4918
4918 60831 60829
60833 60831 4918
60833 60832 60831
60833 27284 60832
60833 60834 27284
60835 60834 60833
27286 60834 125105
27286 125105 60834
125106 125105 27286
125106 84586 125105
4919 84586 84588
84588 84586 4919
84588 84587 84586
84588 37929 84587
84588 154752 110657
110657 154752 20517
20517 154752 110657
20517 84590 84589
20517 84589 84590
20517 110659 110658
110658 110659 51237
51237 110659 20518
51237 20518 110659
51238 20518 51237
51238 51239 20518
51238 51240 2222
2222 51240 51238
51242 51240 2222
51242 51241 51240
51242 20522 51241
154776 20522 51242
154776 154777 84609
84609 154777 37938
84609 37938 154777
84610 37938 84609
154779 37938 84610
154779 154780 84612
154779 84612 20524
20524 84612 84611
20524 84611 84612
110672 84611 20524
110672 110673 20525
110672 20525 51244
51244 20525 110672
51245 20525 51244
51245 51246 20525
51245 51247 2223
2223 51247 51245
2223 154811 154802
154802 154811 154810
154810 154811 37949
154810 37949 84637
84637 37949 154810
84637 84638 84636
84636 84638 9235
84636 9235 84634
84636 84634 9235
84635 84634 20532
84635 20532 84634
154806 20532 110684
110684 20532 154806
110684 110685 110683
110683 110685 20531
110683 20531 110685
110683 125131 125130
110683 125130 4924
4924 125130 125127
4924 125127 84631
4924 84631 84633
84633 84631 4924
84633 84632 84631
84633 37947 84632
154806 37947 84633
154807 37947 154806
154807 154805 37947
154808 154805 154807
9234 154805 110682
9234 110682 84626
9234 84626 84628
84628 84626 9234
84627 84626 20529
20529 84626 84627
20529 110681 110680
20529 110680 110679
20529 110679 154797
154797 110679 20529
84625 110679 6697
84625 6697 84623
84623 6697 84625
84623 134572 134571
84623 134571 30985
30985 134571 134570
30985 134570 134569
134569 134570 134568
134569 134568 526
</Vertices>
                <Weights>0.67 0.33 0
0.67 0.33 0
0.67 0.33 0
0.67 0.33 0
0.67 0.33 0
0.67 0.33 0
0.67 0.33 0
0.67 0.33 0
0.67 0.33 0
0.67 0.33 0
0.67 0.33 0
0.67 0.33 0
0.67 0.33 0
0.67 0.33 0
0.67 0.33 0
0.67 0.33 0
0.67 0.33 0
0.67 0.33 0
0.67 0.33 0
0.67 0.33 0
0.67 0.33 0
0.67 0.33 0
0.67 0.33 0
0.67 0.33 0
0.67 0.33 0
0.67 0.33 0
0.67 0.33 0
0.67 0.33 0
0.67 0.33 0
0.67 0.33 0
0.67 0.33 0
0.67 0.33 0
0.67 0.33 0
0.67 0.33 0
0.67 0.33 0
0.67 0.33 0
0.67 0.33 0
0.67 0.33 0
0.67 0.33 0
0.67 0.33 0
0.67 0.33 0
0.67 0.33 0
0.67 0.33 0
0.67 0.33 0
0.67 0.33 0
0.67 0.33 0
0.67 0.33 0
0.67 0.33 0
0.67 0.33 0
0.67 0.33 0
0.67 0.33 0
0.67 0.33 0
0.67 0.33 0
0.67 0.33 0
0.67 0.33 0
0.67 0.33 0
0.67 0.33 0
0.67 0.33 0
0.67 0.33 0
0.67 0.33 0
0.67 0.33 0
0.67 0.33 0
0.67 0.33 0
0.67 0.33 0
0.67 0.33 0
0.67 0.33 0
0.67 0.33 0
0.67 0.33 0
0.67 0.33 0
0.67 0.33 0
0.67 0.33 0
0.67 0.33 0
0.67 0.33 0
0.67 0.33 0
0.67 0.33 0
0.67 0.33 0
0.67 0.33 0
0.67 0.33 0
0.67 0.33 0
0.67 0.33 0
0.67 0.33 0
0.67 0.33 0
0.67 0.33 0
0.67 0.33 0
0.67 0.33 0
0.67 0.33 0
0.67 0.33 0
0.67 0.33 0
0.67 0.33 0
0.67 0.33 0
0.67 0.33 0
0.67 0.33 0
0.67 0.33 0
0.67 0.33 0
0.67 0.33 0
0.67 0.33 0
0.67 0.33 0
0.67 0.33 0
0.67 0.33 0
0.67 0.33 0
0.67 0.33 0
0.67 0.33 0
0.67 0.33 0
0.67 0.33 0
0.67 0.33 0
0.67 0.33 0
0.67 0.33 0
0.67 0.33 0
</Weights>
            </BorderPart>
        </Border>
        <Border Name="vogt3" Red="0.364706" Green="0.129412" Blue="0.203922">
            <BorderPart Closed="True">
                <Vertices>9235 84636 84634
84634 84636 9235
84634 84635 20532
20532 84635 84634
20532 154806 110684
20532 110684 154806
110685 110684 110683
110685 110683 20531
20531 110683 110685
125131 110683 125130
125131 125130 27296
125131 27296 125130
125131 60854 27296
125132 60854 27297
27297 60854 125132
60855 60854 60853
60855 60853 4925
60855 4925 60853
60857 4925 60855
96418 4925 96417
96418 96417 4925
96418 96419 96417
12606 96419 96418
96420 96419 43326
96420 43326 12607
96420 12607 43326
96421 12607 96420
96423 12607 96421
96423 43328 12607
96423 96424 43328
12608 96424 96423
60865 96424 12608
60865 96425 96424
60865 4929 60867
60867 4929 60865
60869 4929 60867
60869 154880 4929
60869 154881 154880
27305 154881 60869
154882 154881 84696
154882 84696 37973
37973 84696 154882
37973 84697 84696
154890 84697 154889
154890 154889 37975
37975 154889 154888
37975 154888 84702
37975 84702 154888
84703 84702 84701
84701 84702 20554
84701 20554 84702
110726 20554 110725
110726 110725 51274
110726 51274 20555
110726 20555 51274
110727 20555 110726
110727 110729 20555
110728 110729 110727
20556 110729 110728
20556 110730 110729
20556 84708 84709
20556 84709 84708
154896 84709 20556
154896 154897 84709
37977 154897 154896
154895 154897 37977
154895 154898 154897
154895 9242 110717
110717 9242 84685
84685 9242 84687
84685 84687 9242
84685 84686 20548
20548 84686 84685
20548 154869 110714
110714 154869 20548
110714 84684 9241
110714 9241 110713
110713 9241 84678
84678 9241 84680
84680 9241 84678
84680 84682 9241
84680 84681 37966
37966 84681 84680
37966 154863 154862
154862 154863 37966
154862 84674 9240
9240 84674 84672
9240 84672 84670
84670 84672 9240
84670 84671 20543
84670 20543 84671
110707 20543 110706
110707 110706 51263
51263 110706 20542
51263 20542 51262
51262 20542 51261
51261 20542 110703
51261 110703 20542
51261 110702 20540
20540 110702 110700
20540 110700 110699
110699 110700 20540
84656 110700 110699
84656 9238 84658
84656 84658 9238
84657 84658 84656
37957 84658 84657
37957 84659 84658
154836 84659 37957
154836 154837 84659
154836 37955 84652
84652 37955 84651
84652 84651 84650
84650 84651 37954
84650 37954 84649
84649 37954 154825
154825 37954 84649
154825 154826 37954
154825 154823 37953
37953 154823 154822
154822 154823 37953
154822 96380 12584
154822 12584 154821
154821 12584 43304
43304 12584 43303
43304 43303 43302
43302 43303 12582
43302 12582 43301
43302 43301 43300
43300 43301 12580
43300 12580 43301
134509 12580 134508
134509 134508 67993
134509 67993 30962
134509 30962 67993
134510 30962 134509
154792 30962 154791
154791 30962 67994
154791 67994 154790
154791 154790 37942
37942 154790 154789
37942 154789 84619
84619 154789 37942
154788 154789 84619
154788 37941 84617
84617 37941 84616
84617 84616 84615
84617 84615 9232
84617 9232 84615
110674 9232 110673
110673 9232 84611
84611 9232 84613
84611 84613 9232
84611 84612 20524
84611 20524 84612
84611 110672 20524
110673 110672 20525
20525 110672 51244
20525 51244 110672
20525 51245 51244
51246 51245 20525
51247 51245 2223
51247 2223 51245
154811 2223 154802
154811 154802 154810
154811 154810 37949
37949 154810 84637
37949 84637 154810
84638 84637 84636
84638 84636 9235
</Vertices>
                <Weights>0.67 0.33 0
0.67 0.33 0
0.67 0.33 0
0.67 0.33 0
0.67 0.33 0
0.67 0.33 0
0.67 0.33 0
0.67 0.33 0
0.67 0.33 0
0.67 0.33 0
0.67 0.33 0
0.67 0.33 0
0.67 0.33 0
0.67 0.33 0
0.67 0.33 0
0.67 0.33 0
0.67 0.33 0
0.67 0.33 0
0.67 0.33 0
0.67 0.33 0
0.67 0.33 0
0.67 0.33 0
0.67 0.33 0
0.67 0.33 0
0.67 0.33 0
0.67 0.33 0
0.67 0.33 0
0.67 0.33 0
0.67 0.33 0
0.67 0.33 0
0.67 0.33 0
0.67 0.33 0
0.67 0.33 0
0.67 0.33 0
0.67 0.33 0
0.67 0.33 0
0.67 0.33 0
0.67 0.33 0
0.67 0.33 0
0.67 0.33 0
0.67 0.33 0
0.67 0.33 0
0.67 0.33 0
0.67 0.33 0
0.67 0.33 0
0.67 0.33 0
0.67 0.33 0
0.67 0.33 0
0.67 0.33 0
0.67 0.33 0
0.67 0.33 0
0.67 0.33 0
0.67 0.33 0
0.67 0.33 0
0.67 0.33 0
0.67 0.33 0
0.67 0.33 0
0.67 0.33 0
0.67 0.33 0
0.67 0.33 0
0.67 0.33 0
0.67 0.33 0
0.67 0.33 0
0.67 0.33 0
0.67 0.33 0
0.67 0.33 0
0.67 0.33 0
0.67 0.33 0
0.67 0.33 0
0.67 0.33 0
0.67 0.33 0
0.67 0.33 0
0.67 0.33 0
0.67 0.33 0
0.67 0.33 0
0.67 0.33 0
0.67 0.33 0
0.67 0.33 0
0.67 0.33 0
0.67 0.33 0
0.67 0.33 0
0.67 0.33 0
0.67 0.33 0
0.67 0.33 0
0.67 0.33 0
0.67 0.33 0
0.67 0.33 0
0.67 0.33 0
0.67 0.33 0
0.67 0.33 0
0.67 0.33 0
0.67 0.33 0
0.67 0.33 0
0.67 0.33 0
0.67 0.33 0
0.67 0.33 0
0.67 0.33 0
0.67 0.33 0
0.67 0.33 0
0.67 0.33 0
0.67 0.33 0
0.67 0.33 0
0.67 0.33 0
0.67 0.33 0
0.67 0.33 0
0.67 0.33 0
0.67 0.33 0
0.67 0.33 0
0.67 0.33 0
0.67 0.33 0
0.67 0.33 0
0.67 0.33 0
0.67 0.33 0
0.67 0.33 0
0.67 0.33 0
0.67 0.33 0
0.67 0.33 0
0.67 0.33 0
0.67 0.33 0
0.67 0.33 0
0.67 0.33 0
0.67 0.33 0
0.67 0.33 0
0.67 0.33 0
0.67 0.33 0
0.67 0.33 0
0.67 0.33 0
0.67 0.33 0
0.67 0.33 0
0.67 0.33 0
0.67 0.33 0
0.67 0.33 0
0.67 0.33 0
0.67 0.33 0
0.67 0.33 0
0.67 0.33 0
0.67 0.33 0
0.67 0.33 0
0.67 0.33 0
0.67 0.33 0
0.67 0.33 0
0.67 0.33 0
0.67 0.33 0
0.67 0.33 0
0.67 0.33 0
0.67 0.33 0
0.67 0.33 0
0.67 0.33 0
0.67 0.33 0
0.67 0.33 0
0.67 0.33 0
0.67 0.33 0
0.67 0.33 0
0.67 0.33 0
0.67 0.33 0
0.67 0.33 0
0.67 0.33 0
0.67 0.33 0
0.67 0.33 0
0.67 0.33 0
0.67 0.33 0
0.67 0.33 0
0.67 0.33 0
0.67 0.33 0
0.67 0.33 0
0.67 0.33 0
0.67 0.33 0
0.67 0.33 0
0.67 0.33 0
0.67 0.33 0
</Weights>
            </BorderPart>
        </Border>
        <Border Name="vogt4" Red="0.207843" Green="0.145098" Blue="0.156863">
            <BorderPart Closed="True">
                <Vertices>530 43414 43412
530 43412 43414
530 134937 43412
155036 134937 155035
155035 134937 31119
31119 134937 134936
31119 134936 68330
31119 68330 134936
31119 68331 68330
155034 68331 155033
155033 68331 6753
6753 68331 68329
6753 68329 68327
68327 68329 6753
68327 68328 15095
68327 15095 68328
100901 15095 100900
100901 100900 45815
45815 100900 15094
15094 100900 100898
15094 100898 100897
15094 100897 45813
45813 100897 15094
45813 100896 15092
15092 100896 100894
100894 100896 15092
100894 100895 3110
100894 3110 100895
117516 3110 117513
117513 3110 68317
117513 68317 117512
117513 117512 24031
24031 117512 55410
24031 55410 117512
55411 55410 55409
55409 55410 24029
55409 24029 55408
55408 24029 117508
55408 117508 24029
55408 117507 24028
24028 117507 117506
117506 117507 24028
117506 100881 3108
117506 3108 117503
117503 3108 68295
117503 68295 117502
117502 68295 24026
24026 68295 68296
24026 68296 68295
24026 134892 117500
117500 134892 24026
45804 134892 117500
45804 15084 45803
45803 15084 100879
45803 100879 15084
45803 100878 15082
15082 100878 100876
15082 100876 100878
141616 100876 141615
141616 141615 33491
141616 33491 141615
141616 73715 33491
141617 73715 33492
33492 73715 141617
33492 73716 73715
141625 73716 141624
141625 141624 33494
141625 33494 141624
73723 33494 73722
73722 33494 73721
73722 73721 73720
73720 73721 16893
73720 16893 73721
73720 104137 16893
104138 104137 16894
16894 104137 47613
16894 47613 104137
47614 47613 47612
47614 47612 1650
47614 1650 47612
47616 1650 47614
154919 1650 154910
154919 154910 154918
154918 154910 37982
37982 154910 154909
37982 154909 84718
37982 84718 154909
37982 84719 84718
154917 84719 154916
154916 84719 9246
154916 9246 154913
154913 9246 110735
154913 110735 154912
154912 110735 20559
20559 110735 110734
20559 110734 51278
20559 51278 110734
51279 51278 51277
51279 51277 2227
2227 51277 51275
2227 51275 51273
51273 51275 2227
51273 51274 20553
20553 51274 51273
110725 51274 20553
110725 110726 51274
20554 110726 110725
20554 84701 84702
84702 84701 20554
84702 84703 84701
84702 37975 154888
154888 37975 84702
154889 37975 154888
154889 154890 37975
84697 154890 154889
84697 37973 84696
84697 84696 84695
84697 84695 9243
9243 84695 84693
9243 84693 84695
110722 84693 110721
110722 110721 20552
20552 110721 51271
20552 51271 110721
20552 51272 51271
20552 154884 51272
154885 154884 84699
84699 154884 27307
27307 154884 125155
27307 125155 154884
27307 125156 125155
27307 125157 125156
84698 125157 27307
125158 125157 27308
125158 27308 125157
125160 27308 125159
125160 125159 60874
125160 60874 27309
27309 60874 125160
60875 60874 60873
60875 60873 4932
4932 60873 60875
4932 96430 60873
4932 96431 96430
60879 96431 4932
125169 96431 12613
12613 96431 125169
12613 96432 96431
12613 96433 96432
60880 96433 12613
60880 96434 96433
4934 96434 60880
4934 154985 96434
4934 154988 154985
60884 154988 4934
154989 154988 38008
154989 38008 154988
84786 38008 84785
84786 84785 38008
84787 84785 9255
84787 9255 84785
84787 154997 9255
154998 154997 38011
38011 154997 154996
38011 154996 84792
84792 154996 38011
154995 154996 84792
154995 38010 84790
154995 84790 110778
110778 84790 4941
4941 84790 84788
4941 84788 84790
4941 125200 84788
125203 125200 125202
125202 125200 27326
125202 27326 125201
125201 27326 60902
125201 60902 96445
125201 96445 12621
12621 96445 125201
12621 96446 96445
96447 96446 43341
43341 96446 12620
12620 96446 96444
12620 96444 96443
12620 96443 43339
12620 43339 96443
43340 43339 43338
43338 43339 12618
43338 12618 43339
43338 134652 12618
134653 134652 31015
134653 31015 134652
134653 134655 31015
134654 134655 134653
134654 31016 155037
155037 31016 134654
155037 84826 31016
155038 84826 38025
38025 84826 155038
38025 84827 84826
38025 155040 84827
155041 155040 84829
84829 155040 20596
84829 20596 84828
84829 84828 20596
84830 84828 9261
9261 84828 84830
9261 110803 84828
155048 110803 155047
155048 155047 38028
155048 38028 155047
155050 38028 155049
155050 155049 84837
84837 155049 20599
84837 20599 84836
84836 20599 84837
84836 110807 20599
110808 110807 20600
110808 20600 110807
110810 20600 110808
51321 20600 51320
51321 51320 20600
51321 51322 51320
20602 51322 51321
51323 51322 20602
51323 51324 51322
51323 20604 110815
110815 20604 51323
110816 20604 110815
110816 155074 20604
110816 155075 155074
9264 155075 110816
9264 155078 155075
84854 155078 9264
155079 155078 38038
155079 38038 155078
155079 84861 38038
155080 84861 38039
155080 38039 84861
155080 155081 38039
155080 155072 38036
38036 155072 155071
38036 155071 84853
84853 155071 38036
84853 155070 38035
38035 155070 155069
38035 155069 155068
155068 155069 38035
155066 155069 155068
155066 5016 96582
155066 96582 155065
155065 96582 12696
155065 12696 155064
155064 12696 43416
155064 43416 155063
155063 43416 530
530 43416 43414
</Vertices>
                <Weights>0.67 0.33 0
0.67 0.33 0
0.67 0.33 0
0.67 0.33 0
0.67 0.33 0
0.67 0.33 0
0.67 0.33 0
0.67 0.33 0
0.67 0.33 0
0.67 0.33 0
0.67 0.33 0
0.67 0.33 0
0.67 0.33 0
0.67 0.33 0
0.67 0.33 0
0.67 0.33 0
0.67 0.33 0
0.67 0.33 0
0.67 0.33 0
0.67 0.33 0
0.67 0.33 0
0.67 0.33 0
0.67 0.33 0
0.67 0.33 0
0.67 0.33 0
0.67 0.33 0
0.67 0.33 0
0.67 0.33 0
0.67 0.33 0
0.67 0.33 0
0.67 0.33 0
0.67 0.33 0
0.67 0.33 0
0.67 0.33 0
0.67 0.33 0
0.67 0.33 0
0.67 0.33 0
0.67 0.33 0
0.67 0.33 0
0.67 0.33 0
0.67 0.33 0
0.67 0.33 0
0.67 0.33 0
0.67 0.33 0
0.67 0.33 0
0.67 0.33 0
0.67 0.33 0
0.67 0.33 0
0.67 0.33 0
0.67 0.33 0
0.67 0.33 0
0.67 0.33 0
0.67 0.33 0
0.67 0.33 0
0.67 0.33 0
0.67 0.33 0
0.67 0.33 0
0.67 0.33 0
0.67 0.33 0
0.67 0.33 0
0.67 0.33 0
0.67 0.33 0
0.67 0.33 0
0.67 0.33 0
0.67 0.33 0
0.67 0.33 0
0.67 0.33 0
0.67 0.33 0
0.67 0.33 0
0.67 0.33 0
0.67 0.33 0
0.67 0.33 0
0.67 0.33 0
0.67 0.33 0
0.67 0.33 0
0.67 0.33 0
0.67 0.33 0
0.67 0.33 0
0.67 0.33 0
0.67 0.33 0
0.67 0.33 0
0.67 0.33 0
0.67 0.33 0
0.67 0.33 0
0.67 0.33 0
0.67 0.33 0
0.67 0.33 0
0.67 0.33 0
0.67 0.33 0
0.67 0.33 0
0.67 0.33 0
0.67 0.33 0
0.67 0.33 0
0.67 0.33 0
0.67 0.33 0
0.67 0.33 0
0.67 0.33 0
0.67 0.33 0
0.67 0.33 0
0.67 0.33 0
0.67 0.33 0
0.67 0.33 0
0.67 0.33 0
0.67 0.33 0
0.67 0.33 0
0.67 0.33 0
0.67 0.33 0
0.67 0.33 0
0.67 0.33 0
0.67 0.33 0
0.67 0.33 0
0.67 0.33 0
0.67 0.33 0
0.67 0.33 0
0.67 0.33 0
0.67 0.33 0
0.67 0.33 0
0.67 0.33 0
0.67 0.33 0
0.67 0.33 0
0.67 0.33 0
0.67 0.33 0
0.67 0.33 0
0.67 0.33 0
0.67 0.33 0
0.67 0.33 0
0.67 0.33 0
0.67 0.33 0
0.67 0.33 0
0.67 0.33 0
0.67 0.33 0
0.67 0.33 0
0.67 0.33 0
0.67 0.33 0
0.67 0.33 0
0.67 0.33 0
0.67 0.33 0
0.67 0.33 0
0.67 0.33 0
0.67 0.33 0
0.67 0.33 0
0.67 0.33 0
0.67 0.33 0
0.67 0.33 0
0.67 0.33 0
0.67 0.33 0
0.67 0.33 0
0.67 0.33 0
0.67 0.33 0
0.67 0.33 0
0.67 0.33 0
0.67 0.33 0
0.67 0.33 0
0.67 0.33 0
0.67 0.33 0
0.67 0.33 0
0.67 0.33 0
0.67 0.33 0
0.67 0.33 0
0.67 0.33 0
0.67 0.33 0
0.67 0.33 0
0.67 0.33 0
0.67 0.33 0
0.67 0.33 0
0.67 0.33 0
0.67 0.33 0
0.67 0.33 0
0.67 0.33 0
0.67 0.33 0
0.67 0.33 0
0.67 0.33 0
0.67 0.33 0
0.67 0.33 0
0.67 0.33 0
0.67 0.33 0
0.67 0.33 0
0.67 0.33 0
0.67 0.33 0
0.67 0.33 0
0.67 0.33 0
0.67 0.33 0
0.67 0.33 0
0.67 0.33 0
0.67 0.33 0
0.67 0.33 0
0.67 0.33 0
0.67 0.33 0
0.67 0.33 0
0.67 0.33 0
0.67 0.33 0
0.67 0.33 0
0.67 0.33 0
0.67 0.33 0
0.67 0.33 0
0.67 0.33 0
0.67 0.33 0
0.67 0.33 0
0.67 0.33 0
0.67 0.33 0
0.67 0.33 0
0.67 0.33 0
0.67 0.33 0
0.67 0.33 0
0.67 0.33 0
0.67 0.33 0
0.67 0.33 0
0.67 0.33 0
0.67 0.33 0
0.67 0.33 0
0.67 0.33 0
0.67 0.33 0
0.67 0.33 0
0.67 0.33 0
0.67 0.33 0
0.67 0.33 0
0.67 0.33 0
0.67 0.33 0
0.67 0.33 0
0.67 0.33 0
0.67 0.33 0
0.67 0.33 0
0.67 0.33 0
0.67 0.33 0
0.67 0.33 0
0.67 0.33 0
0.67 0.33 0
0.67 0.33 0
0.67 0.33 0
0.67 0.33 0
0.67 0.33 0
0.67 0.33 0
0.67 0.33 0
0.67 0.33 0
0.67 0.33 0
0.67 0.33 0
0.67 0.33 0
0.67 0.33 0
0.67 0.33 0
0.67 0.33 0
0.67 0.33 0
0.67 0.33 0
0.67 0.33 0
0.67 0.33 0
0.67 0.33 0
0.67 0.33 0
0.67 0.33 0
0.67 0.33 0
0.67 0.33 0
0.67 0.33 0
0.67 0.33 0
0.67 0.33 0
0.67 0.33 0
0.67 0.33 0
0.67 0.33 0
0.67 0.33 0
0.67 0.33 0
0.67 0.33 0
</Weights>
            </BorderPart>
        </Border>
        <Border Name="vogt5" Red="0.207843" Green="0.145098" Blue="0.156863">
            <BorderPart Closed="True">
                <Vertices>1611 47547 47545
1611 47545 47547
1611 119757 119758
119758 119757 1611
119759 119757 24993
119759 24993 119757
57016 24993 57015
57016 57015 24993
57016 57017 57015
24995 57017 57016
119762 57017 94114
119762 94114 11326
119762 11326 94114
119762 57019 11326
119763 57019 24996
24996 57019 119763
24996 57020 57019
57021 57020 24996
57021 57022 57020
24997 57022 57021
24997 140930 57022
140931 140930 73154
140931 73154 33256
33256 73154 140931
33256 73155 73154
33256 140939 73155
140940 140939 73162
73162 140939 33258
73162 33258 73161
73162 73161 33258
73163 73161 7605
7605 73161 73159
7605 73159 73161
103802 73159 103801
103802 103801 16708
103802 16708 103801
103804 16708 103802
103804 47429 16708
103805 47429 16710
103805 16710 47429
103806 16710 103805
103808 16710 103806
103808 47431 16710
103808 103809 47431
103808 16711 103807
103807 16711 140954
103807 140954 16711
73172 140954 103807
33263 140954 73172
33263 140955 140954
33263 140953 140952
140952 140953 33263
140952 67748 30848
30848 67748 67749
30848 67749 67748
134200 67749 30848
134200 134201 67749
30849 134201 134200
30849 83746 83747
83747 83746 30849
83747 83748 83746
83747 37594 153743
153743 37594 83747
153743 153744 37594
96237 153744 153743
4825 153744 96237
4825 153747 153744
4825 60555 60553
4825 60553 60551
60551 60553 4825
60552 60553 60551
27116 60553 60552
27116 60554 60553
124711 60554 27116
124711 124712 60554
124711 20231 110143
110143 20231 110145
110145 20231 110143
110145 50952 20231
110146 50952 20233
110146 20233 50952
110146 110147 20233
83734 110147 110146
83734 9116 83736
83736 9116 83734
83738 9116 83736
83738 83740 9116
83739 83740 83738
83739 37591 153734
153734 37591 83739
153734 153735 37591
100552 153735 153734
100552 6637 67743
100552 67743 100551
100551 67743 14901
14901 67743 67744
14901 67744 67743
134192 67744 14901
134192 134193 67744
30845 134193 134192
134191 134193 30845
134191 134194 134193
134191 4818 60533
60533 4818 60535
60533 60535 4818
60534 60535 60533
27106 60535 60534
27106 124687 60535
27106 124688 124687
124686 124688 27106
124689 124688 27107
124689 27107 124688
124689 124690 27107
110116 124690 124689
110116 20216 110118
110118 20216 110116
50937 20216 50936
50937 50936 20216
50937 50938 50936
20218 50938 50937
20218 50939 50938
20218 110122 110120
110120 110122 20218
110121 110122 110120
110121 20219 153682
153682 20219 110121
153682 83697 20219
153683 83697 37574
153683 37574 83697
153684 37574 153683
153684 153685 37574
153684 83677 9108
9108 83677 83675
83675 83677 9108
83675 83676 37565
83675 37565 83674
83674 37565 153656
83674 153656 37565
153655 153656 83674
37564 153656 153655
37564 153654 153653
153653 153654 37564
153653 62347 28192
28192 62347 62348
28192 62348 62347
127224 62348 28192
127224 127225 62348
28193 127225 127224
89130 127225 28193
89130 127226 127225
89130 5423 89132
89132 5423 89130
89132 113383 5423
160209 113383 22031
160209 22031 113383
89134 22031 89133
89134 89133 22031
89134 89135 89133
39751 89135 89134
39751 89136 89135
160212 89136 39751
160213 89136 39752
160213 39752 89136
160213 160214 39752
160205 160214 160213
160205 682 115378
160205 115378 160204
160204 115378 23116
23116 115378 115377
115377 115378 23116
44283 115378 115377
44283 682 44285
44283 44285 682
44283 44284 13563
44283 13563 44284
115377 13563 115376
115376 13563 98141
98141 13563 98143
98141 98143 13563
98141 98142 2601
98141 2601 98142
115375 2601 115372
115372 2601 63728
115372 63728 115371
115372 115371 23114
23114 115371 53881
23114 53881 115371
23114 53882 53881
115373 53882 92233
92233 53882 2600
2600 53882 53880
2600 53880 53882
155815 53880 155814
155815 155814 38285
38285 155814 85470
38285 85470 155814
85471 85470 85469
85469 85470 38284
85469 38284 85468
85469 85468 85467
85467 85468 38283
85467 38283 85466
85466 38283 155808
85466 155808 38283
85466 155807 20808
20808 155807 111182
20808 111182 155807
20808 111183 111182
111184 111183 51528
111184 51528 20809
20809 51528 111184
20809 51529 51528
51530 51529 20809
51531 51529 2234
51531 2234 51529
51531 155081 2234
155082 155081 38039
38039 155081 155080
38039 155080 84861
84861 155080 38039
84861 155079 38038
38038 155079 155078
155078 155079 38038
155078 84854 9264
155078 9264 155075
155075 9264 110816
155075 110816 155074
155074 110816 20604
20604 110816 110815
20604 110815 51323
20604 51323 110815
51324 51323 51322
51322 51323 20602
51322 20602 51321
51322 51321 51320
51320 51321 20600
20600 51321 51320
20600 110810 110808
20600 110808 110807
110807 110808 20600
110807 84836 20599
20599 84836 84837
20599 84837 84836
155049 84837 20599
155049 155050 84837
38028 155050 155049
38028 155048 155047
155047 155048 38028
110803 155048 155047
110803 9261 84828
84828 9261 84830
84828 84830 9261
84828 84829 20596
20596 84829 84828
155040 84829 20596
155040 155041 84829
155040 38025 84827
84827 38025 84826
84826 38025 155038
84826 155038 38025
84826 155037 31016
31016 155037 134654
31016 134654 155037
134655 134654 134653
134655 134653 31015
134655 31015 134653
134655 68108 31015
134656 68108 31017
31017 68108 134656
31017 68109 68108
134658 68109 100769
134658 100769 15023
15023 100769 134658
100770 100769 100768
100770 100768 15022
100770 15022 100768
45743 15022 45742
45743 45742 15022
45744 45742 1167
45744 1167 45742
117416 1167 117415
117415 1167 45738
117415 45738 117414
117415 117414 23989
23989 117414 55341
55341 117414 23989
55341 117413 23988
55341 23988 55340
55340 23988 55339
55340 55339 55338
55338 55339 10766
55338 10766 55339
93108 10766 93107
93107 10766 93106
93107 93106 93105
93107 93105 10765
10765 93105 93107
141387 93105 141386
141387 141386 33412
33412 141386 141385
33412 141385 73526
33412 73526 141385
73527 73526 73525
73525 73526 16828
73525 16828 73526
104020 16828 104019
104019 16828 104018
104019 104018 104017
104019 104017 16827
16827 104017 104016
16827 104016 47546
16827 47546 104016
16827 47547 47546
47548 47547 16827
47415 47547 1611
</Vertices>
                <Weights>0.67 0.33 0
0.67 0.33 0
0.67 0.33 0
0.67 0.33 0
0.67 0.33 0
0.67 0.33 0
0.67 0.33 0
0.67 0.33 0
0.67 0.33 0
0.67 0.33 0
0.67 0.33 0
0.67 0.33 0
0.67 0.33 0
0.67 0.33 0
0.67 0.33 0
0.67 0.33 0
0.67 0.33 0
0.67 0.33 0
0.67 0.33 0
0.67 0.33 0
0.67 0.33 0
0.67 0.33 0
0.67 0.33 0
0.67 0.33 0
0.67 0.33 0
0.67 0.33 0
0.67 0.33 0
0.67 0.33 0
0.67 0.33 0
0.67 0.33 0
0.67 0.33 0
0.67 0.33 0
0.67 0.33 0
0.67 0.33 0
0.67 0.33 0
0.67 0.33 0
0.67 0.33 0
0.67 0.33 0
0.67 0.33 0
0.67 0.33 0
0.67 0.33 0
0.67 0.33 0
0.67 0.33 0
0.67 0.33 0
0.67 0.33 0
0.67 0.33 0
0.67 0.33 0
0.67 0.33 0
0.67 0.33 0
0.67 0.33 0
0.67 0.33 0
0.67 0.33 0
0.67 0.33 0
0.67 0.33 0
0.67 0.33 0
0.67 0.33 0
0.67 0.33 0
0.67 0.33 0
0.67 0.33 0
0.67 0.33 0
0.67 0.33 0
0.67 0.33 0
0.67 0.33 0
0.67 0.33 0
0.67 0.33 0
0.67 0.33 0
0.67 0.33 0
0.67 0.33 0
0.67 0.33 0
0.67 0.33 0
0.67 0.33 0
0.67 0.33 0
0.67 0.33 0
0.67 0.33 0
0.67 0.33 0
0.67 0.33 0
0.67 0.33 0
0.67 0.33 0
0.67 0.33 0
0.67 0.33 0
0.67 0.33 0
0.67 0.33 0
0.67 0.33 0
0.67 0.33 0
0.67 0.33 0
0.67 0.33 0
0.67 0.33 0
0.67 0.33 0
0.67 0.33 0
0.67 0.33 0
0.67 0.33 0
0.67 0.33 0
0.67 0.33 0
0.67 0.33 0
0.67 0.33 0
0.67 0.33 0
0.67 0.33 0
0.67 0.33 0
0.67 0.33 0
0.67 0.33 0
0.67 0.33 0
0.67 0.33 0
0.67 0.33 0
0.67 0.33 0
0.67 0.33 0
0.67 0.33 0
0.67 0.33 0
0.67 0.33 0
0.67 0.33 0
0.67 0.33 0
0.67 0.33 0
0.67 0.33 0
0.67 0.33 0
0.67 0.33 0
0.67 0.33 0
0.67 0.33 0
0.67 0.33 0
0.67 0.33 0
0.67 0.33 0
0.67 0.33 0
0.67 0.33 0
0.67 0.33 0
0.67 0.33 0
0.67 0.33 0
0.67 0.33 0
0.67 0.33 0
0.67 0.33 0
0.67 0.33 0
0.67 0.33 0
0.67 0.33 0
0.67 0.33 0
0.67 0.33 0
0.67 0.33 0
0.67 0.33 0
0.67 0.33 0
0.67 0.33 0
0.67 0.33 0
0.67 0.33 0
0.67 0.33 0
0.67 0.33 0
0.67 0.33 0
0.67 0.33 0
0.67 0.33 0
0.67 0.33 0
0.67 0.33 0
0.67 0.33 0
0.67 0.33 0
0.67 0.33 0
0.67 0.33 0
0.67 0.33 0
0.67 0.33 0
0.67 0.33 0
0.67 0.33 0
0.67 0.33 0
0.67 0.33 0
0.67 0.33 0
0.67 0.33 0
0.67 0.33 0
0.67 0.33 0
0.67 0.33 0
0.67 0.33 0
0.67 0.33 0
0.67 0.33 0
0.67 0.33 0
0.67 0.33 0
0.67 0.33 0
0.67 0.33 0
0.67 0.33 0
0.67 0.33 0
0.67 0.33 0
0.67 0.33 0
0.67 0.33 0
0.67 0.33 0
0.67 0.33 0
0.67 0.33 0
0.67 0.33 0
0.67 0.33 0
0.67 0.33 0
0.67 0.33 0
0.67 0.33 0
0.67 0.33 0
0.67 0.33 0
0.67 0.33 0
0.67 0.33 0
0.67 0.33 0
0.67 0.33 0
0.67 0.33 0
0.67 0.33 0
0.67 0.33 0
0.67 0.33 0
0.67 0.33 0
0.67 0.33 0
0.67 0.33 0
0.67 0.33 0
0.67 0.33 0
0.67 0.33 0
0.67 0.33 0
0.67 0.33 0
0.67 0.33 0
0.67 0.33 0
0.67 0.33 0
0.67 0.33 0
0.67 0.33 0
0.67 0.33 0
0.67 0.33 0
0.67 0.33 0
0.67 0.33 0
0.67 0.33 0
0.67 0.33 0
0.67 0.33 0
0.67 0.33 0
0.67 0.33 0
0.67 0.33 0
0.67 0.33 0
0.67 0.33 0
0.67 0.33 0
0.67 0.33 0
0.67 0.33 0
0.67 0.33 0
0.67 0.33 0
0.67 0.33 0
0.67 0.33 0
0.67 0.33 0
0.67 0.33 0
0.67 0.33 0
0.67 0.33 0
0.67 0.33 0
0.67 0.33 0
0.67 0.33 0
0.67 0.33 0
0.67 0.33 0
0.67 0.33 0
0.67 0.33 0
0.67 0.33 0
0.67 0.33 0
0.67 0.33 0
0.67 0.33 0
0.67 0.33 0
0.67 0.33 0
0.67 0.33 0
0.67 0.33 0
0.67 0.33 0
0.67 0.33 0
0.67 0.33 0
0.67 0.33 0
0.67 0.33 0
0.67 0.33 0
0.67 0.33 0
0.67 0.33 0
0.67 0.33 0
0.67 0.33 0
0.67 0.33 0
0.67 0.33 0
0.67 0.33 0
0.67 0.33 0
0.67 0.33 0
0.67 0.33 0
0.67 0.33 0
0.67 0.33 0
0.67 0.33 0
0.67 0.33 0
0.67 0.33 0
0.67 0.33 0
0.67 0.33 0
0.67 0.33 0
0.67 0.33 0
0.67 0.33 0
0.67 0.33 0
0.67 0.33 0
0.67 0.33 0
0.67 0.33 0
0.67 0.33 0
0.67 0.33 0
0.67 0.33 0
0.67 0.33 0
0.67 0.33 0
0.67 0.33 0
0.67 0.33 0
0.67 0.33 0
0.67 0.33 0
0.67 0.33 0
0.67 0.33 0
0.67 0.33 0
0.67 0.33 0
0.67 0.33 0
0.67 0.33 0
0.67 0.33 0
0.67 0.33 0
0.67 0.33 0
0.67 0.33 0
0.67 0.33 0
0.67 0.33 0
0.67 0.33 0
0.67 0.33 0
0.67 0.33 0
0.67 0.33 0
0.67 0.33 0
0.67 0.33 0
0.67 0.33 0
0.67 0.33 0
0.67 0.33 0
0.67 0.33 0
0.67 0.33 0
0.67 0.33 0
0.67 0.33 0
0.67 0.33 0
0.67 0.33 0
0.67 0.33 0
0.67 0.33 0
0.67 0.33 0
0.67 0.33 0
0.67 0.33 0
0.67 0.33 0
0.67 0.33 0
0.67 0.33 0
</Weights>
            </BorderPart>
        </Border>
        <Border Name="vogt6" Red="0.156863" Green="0.152941" Blue="0.137255">
            <BorderPart Closed="True">
                <Vertices>2234 51531 51529
51529 51531 2234
51529 51530 20809
51529 20809 51528
51528 20809 111184
51528 111184 20809
111183 111184 51528
111183 20808 111182
111182 20808 155807
155807 20808 111182
155807 85466 20808
155808 85466 38283
38283 85466 155808
