<?xml version="1.0" encoding="UTF-8"?>
<BorderFile Version="3" Structure="CORTEX_LEFT" SurfaceNumberOfVertices="10242">
    <MetaData>
        <MD>
            <Name>ParentProvenance</Name>
            <Value>Final/cortical_surface/conte69_10k/S900.L.pial_MSMAll.10k_fs_LR.surf.gii:
/data_/mica1/01_programs/workbench/bin_linux64/../exe_linux64/wb_command -surface-resample /local_raid/seokjun/01_project/08_Autism_abide/01_analysis/functional_gradient_project/Margulies_example/gradient_data/templates/S900.L.pial_MSMAll.32k_fs_LR.surf.gii /local_raid/seokjun/01_project/08_Autism_abide/01_analysis/functional_gradient_project/Margulies_example/gradient_data/templates/S900.L.sphere.32k_fs_LR.surf.gii /local_raid/seokjun/01_project/08_Autism_abide/01_analysis/functional_gradient_project/Pipelines-3.21.0/global/templates/standard_mesh_atlases/L.sphere.10k_fs_LR.surf.gii BARYCENTRIC /local_raid/seokjun/01_project/08_Autism_abide/01_analysis/functional_gradient_project/Margulies_example/gradient_data/templates/S900.L.pial_MSMAll.10k_fs_LR.surf.gii

Final/maps/Surface/HCP_conte69/conte69_10k/gii/nieuwenhuys_parcellation_from_colin27_to_conte69_10k_lh_glasser_colormap.label.gii:
/local_raid1/01_software/workbench/bin_linux64/../exe_linux64/wb_command -label-resample Final/maps/Surface/Freesurfer_COLIN27/gii/parcellation/nieuwenhuys_parcellation_on_colin27_lh_glasser_colormap.label.gii COLIN27_FS/surf/lh.sphere.reg.reg_LR.native.surf.gii /local_raid1/01_software/HCPpipelines/global/templates/standard_mesh_atlases/L.sphere.10k_fs_LR.surf.gii ADAP_BARY_AREA Final/maps/Surface/HCP_conte69/conte69_10k/gii/nieuwenhuys_parcellation_from_colin27_to_conte69_10k_lh_glasser_colormap.label.gii -area-surfs COLIN27_FS/surf/lh.white.gii /local_raid1/01_software/HCPpipelines/global/templates/standard_mesh_atlases/cortical_surface/S900.L.midthickness_MSMAll.10k_fs_LR.surf.gii -current-roi COLIN27_FS/surf/lh.roi.shape.gii

</Value>
        </MD>
        <MD>
            <Name>ProgramProvenance</Name>
            <Value>Connectome Workbench
Type: Command Line Application
Version: 1.4.2
Qt Compiled Version: 5.7.0
Qt Runtime Version: 5.7.0
Commit: 092b7f2f7dfab0f9ea7cbb6c1db2e5dffd2c1045
Commit Date: 2020-01-07 17:24:23 -0600
Compiled with OpenMP: YES
Compiler: g++ (/home/caret/gcc/install/gcc-4.8.5/bin)
Compiler Version: 4.8.5
Compiled Debug: NO
Operating System: Linux
</Value>
        </MD>
        <MD>
            <Name>Provenance</Name>
            <Value>/local_raid1/01_software/workbench/bin_linux64/../exe_linux64/wb_command -label-to-border Final/cortical_surface/conte69_10k/S900.L.pial_MSMAll.10k_fs_LR.surf.gii Final/maps/Surface/HCP_conte69/conte69_10k/gii/nieuwenhuys_parcellation_from_colin27_to_conte69_10k_lh_glasser_colormap.label.gii Final/maps/Surface/HCP_conte69/conte69_10k/gii/nieuwenhuys_parcellation_from_colin27_to_conte69_10k_lh_glasser_colormap.border</Value>
        </MD>
        <MD>
            <Name>WorkingDirectory</Name>
            <Value>/local_raid1/03_user/seokjun/01_project/08_Vogt_Vogt_mapping/02_data</Value>
        </MD>
    </MetaData>
    <Class Name="#1" Red="0" Green="0" Blue="0">
        <Border Name="vogt1" Red="0.0784314" Green="0.0196078" Blue="0">
            <BorderPart Closed="True">
                <Vertices>6322 6321 6727
6322 6727 6321
6741 6727 6322
6728 6727 6713
6728 6713 6727
6728 6714 6713
6729 6714 6728
6715 6714 6699
6699 6714 6698
6699 6698 6682
6682 6698 6681
6682 6681 6664
6664 6681 6663
6664 6663 6645
6664 6645 6663
6646 6645 6626
6646 6626 6645
6646 6627 6626
6646 6647 6627
6665 6647 6646
6665 6666 6647
6683 6666 6665
6683 6684 6666
6700 6684 6683
6700 6701 6684
6716 6701 6700
6716 6717 6701
6731 6717 6716
6731 6732 6717
6731 6745 6744
6744 6745 6731
6757 6745 6744
6757 6758 6745
6757 6769 6768
6768 6769 6757
6768 6779 6778
6778 6779 6768
6778 6788 6787
6787 6788 6778
6787 6796 6327
6327 6796 6787
6327 6328 6796
8869 6328 6327
8869 8870 6328
8899 8870 8869
8899 8900 8870
8899 8928 8927
8899 8927 8898
8898 8927 8926
8926 8927 8898
8926 8954 8953
8953 8954 8926
8953 8980 8979
8953 8979 8952
8952 8979 8978
8952 8978 8951
8951 8978 8977
8951 8977 8950
8950 8977 8976
8950 8976 8949
8949 8976 8975
8949 8975 8948
8949 8948 8921
8921 8948 8920
8921 8920 8892
8892 8920 8891
8892 8891 8862
8892 8862 8891
8863 8862 6321
8863 6321 8862
</Vertices>
                <Weights>0.67 0.33 0
0.67 0.33 0
0.67 0.33 0
0.67 0.33 0
0.67 0.33 0
0.67 0.33 0
0.67 0.33 0
0.67 0.33 0
0.67 0.33 0
0.67 0.33 0
0.67 0.33 0
0.67 0.33 0
0.67 0.33 0
0.67 0.33 0
0.67 0.33 0
0.67 0.33 0
0.67 0.33 0
0.67 0.33 0
0.67 0.33 0
0.67 0.33 0
0.67 0.33 0
0.67 0.33 0
0.67 0.33 0
0.67 0.33 0
0.67 0.33 0
0.67 0.33 0
0.67 0.33 0
0.67 0.33 0
0.67 0.33 0
0.67 0.33 0
0.67 0.33 0
0.67 0.33 0
0.67 0.33 0
0.67 0.33 0
0.67 0.33 0
0.67 0.33 0
0.67 0.33 0
0.67 0.33 0
0.67 0.33 0
0.67 0.33 0
0.67 0.33 0
0.67 0.33 0
0.67 0.33 0
0.67 0.33 0
0.67 0.33 0
0.67 0.33 0
0.67 0.33 0
0.67 0.33 0
0.67 0.33 0
0.67 0.33 0
0.67 0.33 0
0.67 0.33 0
0.67 0.33 0
0.67 0.33 0
0.67 0.33 0
0.67 0.33 0
0.67 0.33 0
0.67 0.33 0
0.67 0.33 0
0.67 0.33 0
0.67 0.33 0
0.67 0.33 0
0.67 0.33 0
0.67 0.33 0
0.67 0.33 0
0.67 0.33 0
0.67 0.33 0
0.67 0.33 0
0.67 0.33 0
0.67 0.33 0
</Weights>
            </BorderPart>
        </Border>
        <Border Name="vogt2" Red="0.364706" Green="0.129412" Blue="0.203922">
            <BorderPart Closed="True">
                <Vertices>8975 8948 8974
8975 8974 8948
9000 8974 8999
9000 8999 8974
9000 9024 8999
9000 9025 9024
9001 9025 9000
9001 9026 9025
9002 9026 9001
9002 9027 9026
9003 9027 9002
9003 9028 9027
9003 9004 8978
8978 9004 9003
8978 8979 8952
8978 8952 8951
8978 8951 8977
8977 8951 8950
8977 8950 8976
8976 8950 8949
8976 8949 8975
8975 8949 8948
</Vertices>
                <Weights>0.67 0.33 0
0.67 0.33 0
0.67 0.33 0
0.67 0.33 0
0.67 0.33 0
0.67 0.33 0
0.67 0.33 0
0.67 0.33 0
0.67 0.33 0
0.67 0.33 0
0.67 0.33 0
0.67 0.33 0
0.67 0.33 0
0.67 0.33 0
0.67 0.33 0
0.67 0.33 0
0.67 0.33 0
0.67 0.33 0
0.67 0.33 0
0.67 0.33 0
0.67 0.33 0
0.67 0.33 0
</Weights>
            </BorderPart>
        </Border>
        <Border Name="vogt3" Red="0.364706" Green="0.129412" Blue="0.203922">
            <BorderPart Closed="True">
                <Vertices>8871 6329 8870
8871 8870 6329
8900 8870 8899
8900 8899 8870
8928 8899 8927
8927 8899 8898
8927 8898 8926
8927 8926 8898
8954 8926 8953
8954 8953 8926
8980 8953 8979
8979 8953 8952
8979 8952 8978
8979 8978 8952
9004 8978 9003
9004 9003 8978
9004 9028 9003
9029 9028 9004
9029 9052 9028
9029 9053 9052
9030 9053 9029
9030 9054 9053
9030 9031 9006
9030 9006 9005
9005 9006 8980
8980 9006 9005
8981 9006 8980
8981 9007 9006
8981 8982 8955
8955 8982 8981
8955 8956 8928
8928 8956 8955
8929 8956 8928
8929 8957 8956
8929 8930 8901
8901 8930 8929
8901 8902 8872
8872 8902 8901
8872 8873 6331
8872 6331 6330
8872 6330 8871
8871 6330 6329
</Vertices>
                <Weights>0.67 0.33 0
0.67 0.33 0
0.67 0.33 0
0.67 0.33 0
0.67 0.33 0
0.67 0.33 0
0.67 0.33 0
0.67 0.33 0
0.67 0.33 0
0.67 0.33 0
0.67 0.33 0
0.67 0.33 0
0.67 0.33 0
0.67 0.33 0
0.67 0.33 0
0.67 0.33 0
0.67 0.33 0
0.67 0.33 0
0.67 0.33 0
0.67 0.33 0
0.67 0.33 0
0.67 0.33 0
0.67 0.33 0
0.67 0.33 0
0.67 0.33 0
0.67 0.33 0
0.67 0.33 0
0.67 0.33 0
0.67 0.33 0
0.67 0.33 0
0.67 0.33 0
0.67 0.33 0
0.67 0.33 0
0.67 0.33 0
0.67 0.33 0
0.67 0.33 0
0.67 0.33 0
0.67 0.33 0
0.67 0.33 0
0.67 0.33 0
0.67 0.33 0
0.67 0.33 0
</Weights>
            </BorderPart>
        </Border>
        <Border Name="vogt4" Red="0.207843" Green="0.145098" Blue="0.156863">
            <BorderPart Closed="True">
                <Vertices>6328 6327 6796
6796 6327 6787
6796 6787 6327
6788 6787 6778
6788 6778 6787
6779 6778 6768
6779 6768 6778
6769 6768 6757
6769 6757 6768
6758 6757 6745
6745 6757 6744
6745 6744 6731
6745 6731 6744
6732 6731 6717
6732 6717 6731
6732 6718 6717
6733 6718 6732
6733 6719 6718
6734 6719 6733
6734 6720 6719
6735 6720 6734
6735 6721 6720
6735 6736 6721
6735 6749 6748
6748 6749 6735
6748 6761 6760
6760 6761 6748
6772 6761 6760
6772 6773 6761
6772 6783 6782
6782 6783 6772
6782 6792 6791
6791 6792 6782
6800 6792 6791
6800 6801 6792
6800 6808 6807
6807 6808 6800
6814 6808 6807
6814 6815 6808
6814 6820 6819
6814 6819 6813
6813 6819 6818
6813 6818 6812
6812 6818 6817
6812 6817 6811
6811 6817 6330
6811 6330 6329
6329 6330 6811
6329 8871 8870
8870 8871 6329
8870 8900 8899
8870 8899 8869
8870 8869 6328
6328 8869 6327
</Vertices>
                <Weights>0.67 0.33 0
0.67 0.33 0
0.67 0.33 0
0.67 0.33 0
0.67 0.33 0
0.67 0.33 0
0.67 0.33 0
0.67 0.33 0
0.67 0.33 0
0.67 0.33 0
0.67 0.33 0
0.67 0.33 0
0.67 0.33 0
0.67 0.33 0
0.67 0.33 0
0.67 0.33 0
0.67 0.33 0
0.67 0.33 0
0.67 0.33 0
0.67 0.33 0
0.67 0.33 0
0.67 0.33 0
0.67 0.33 0
0.67 0.33 0
0.67 0.33 0
0.67 0.33 0
0.67 0.33 0
0.67 0.33 0
0.67 0.33 0
0.67 0.33 0
0.67 0.33 0
0.67 0.33 0
0.67 0.33 0
0.67 0.33 0
0.67 0.33 0
0.67 0.33 0
0.67 0.33 0
0.67 0.33 0
0.67 0.33 0
0.67 0.33 0
0.67 0.33 0
0.67 0.33 0
0.67 0.33 0
0.67 0.33 0
0.67 0.33 0
0.67 0.33 0
0.67 0.33 0
0.67 0.33 0
0.67 0.33 0
0.67 0.33 0
0.67 0.33 0
0.67 0.33 0
0.67 0.33 0
0.67 0.33 0
</Weights>
            </BorderPart>
        </Border>
        <Border Name="vogt5" Red="0.207843" Green="0.145098" Blue="0.156863">
            <BorderPart Closed="True">
                <Vertices>6564 6540 6563
6564 6563 6540
6586 6563 6585
6585 6563 6562
6585 6562 6584
6585 6584 6562
6606 6584 6605
6606 6605 6584
6606 6626 6605
6627 6626 6606
6627 6646 6626
6647 6646 6627
6647 6665 6646
6666 6665 6647
6666 6683 6665
6684 6683 6666
6684 6700 6683
6701 6700 6684
6701 6716 6700
6717 6716 6701
6717 6731 6716
6717 6732 6731
6718 6732 6717
6718 6733 6732
6719 6733 6718
6719 6734 6733
6720 6734 6719
6720 6735 6734
6721 6735 6720
6721 6736 6735
6722 6736 6721
6737 6736 6722
6737 6750 6736
6737 6751 6750
6737 6738 6723
6723 6738 6737
6724 6738 6723
6724 6739 6738
6724 6725 6709
6724 6709 6708
6708 6709 6692
6692 6709 6708
6692 6693 6675
6692 6675 6674
6692 6674 6691
6691 6674 6673
6673 6674 6655
6673 6655 6654
6654 6655 6635
6654 6635 6634
6634 6635 6614
6634 6614 6613
6634 6613 6633
6634 6633 6613
6653 6633 6652
6652 6633 6632
6632 6633 6612
6632 6612 6611
6632 6611 6631
6631 6611 6610
6610 6611 6589
6610 6589 6588
6588 6589 6566
6588 6566 6565
6565 6566 6542
6565 6542 6541
6565 6541 6564
6564 6541 6540
</Vertices>
                <Weights>0.67 0.33 0
0.67 0.33 0
0.67 0.33 0
0.67 0.33 0
0.67 0.33 0
0.67 0.33 0
0.67 0.33 0
0.67 0.33 0
0.67 0.33 0
0.67 0.33 0
0.67 0.33 0
0.67 0.33 0
0.67 0.33 0
0.67 0.33 0
0.67 0.33 0
0.67 0.33 0
0.67 0.33 0
0.67 0.33 0
0.67 0.33 0
0.67 0.33 0
0.67 0.33 0
0.67 0.33 0
0.67 0.33 0
0.67 0.33 0
0.67 0.33 0
0.67 0.33 0
0.67 0.33 0
0.67 0.33 0
0.67 0.33 0
0.67 0.33 0
0.67 0.33 0
0.67 0.33 0
0.67 0.33 0
0.67 0.33 0
0.67 0.33 0
0.67 0.33 0
0.67 0.33 0
0.67 0.33 0
0.67 0.33 0
0.67 0.33 0
0.67 0.33 0
0.67 0.33 0
0.67 0.33 0
0.67 0.33 0
0.67 0.33 0
0.67 0.33 0
0.67 0.33 0
0.67 0.33 0
0.67 0.33 0
0.67 0.33 0
0.67 0.33 0
0.67 0.33 0
0.67 0.33 0
0.67 0.33 0
0.67 0.33 0
0.67 0.33 0
0.67 0.33 0
0.67 0.33 0
0.67 0.33 0
0.67 0.33 0
0.67 0.33 0
0.67 0.33 0
0.67 0.33 0
0.67 0.33 0
0.67 0.33 0
0.67 0.33 0
0.67 0.33 0
0.67 0.33 0
</Weights>
            </BorderPart>
        </Border>
        <Border Name="vogt6" Red="0.156863" Green="0.152941" Blue="0.137255">
            <BorderPart Closed="True">
                <Vertices>6347 6346 6776
6776 6346 6786
6786 6346 6776
6786 6345 6795
6795 6345 6786
6795 6344 6803
6803 6344 6795
6803 6343 6810
6810 6343 6803
6810 6342 6816
6810 6816 6809
6809 6816 6815
6815 6816 6809
6815 6821 6820
6815 6820 6814
6815 6814 6808
6808 6814 6807
6808 6807 6800
6808 6800 6807
6801 6800 6792
6792 6800 6791
6792 6791 6782
6792 6782 6791
6783 6782 6772
6783 6772 6782
6773 6772 6761
6761 6772 6760
6761 6760 6748
6761 6748 6760
6749 6748 6735
6749 6735 6748
6736 6735 6721
6736 6721 6735
6736 6722 6721
6736 6737 6722
6750 6737 6736
6751 6737 6750
6738 6737 6723
6738 6723 6737
6738 6724 6723
6739 6724 6738
6739 6725 6724
6740 6725 6739
6740 6726 6725
6740 6350 6726
6349 6350 6740
8711 6350 8696
8711 8696 6350
8711 8697 8696
8711 8712 8697
8725 8712 8711
8725 8726 8712
8725 8738 6348
6348 8738 8725
6347 8738 6348
6347 8750 8738
</Vertices>
                <Weights>0.67 0.33 0
0.67 0.33 0
0.67 0.33 0
0.67 0.33 0
0.67 0.33 0
0.67 0.33 0
0.67 0.33 0
0.67 0.33 0
0.67 0.33 0
0.67 0.33 0
0.67 0.33 0
0.67 0.33 0
0.67 0.33 0
0.67 0.33 0
0.67 0.33 0
0.67 0.33 0
0.67 0.33 0
0.67 0.33 0
0.67 0.33 0
0.67 0.33 0
0.67 0.33 0
0.67 0.33 0
0.67 0.33 0
0.67 0.33 0
0.67 0.33 0
0.67 0.33 0
0.67 0.33 0
0.67 0.33 0
0.67 0.33 0
0.67 0.33 0
0.67 0.33 0
0.67 0.33 0
0.67 0.33 0
0.67 0.33 0
0.67 0.33 0
0.67 0.33 0
0.67 0.33 0
0.67 0.33 0
0.67 0.33 0
0.67 0.33 0
0.67 0.33 0
0.67 0.33 0
0.67 0.33 0
0.67 0.33 0
0.67 0.33 0
0.67 0.33 0
0.67 0.33 0
0.67 0.33 0
0.67 0.33 0
0.67 0.33 0
0.67 0.33 0
0.67 0.33 0
0.67 0.33 0
0.67 0.33 0
0.67 0.33 0
0.67 0.33 0
</Weights>
            </BorderPart>
        </Border>
        <Border Name="vogt8" Red="0.207843" Green="0.145098" Blue="0.156863">
            <BorderPart Closed="True">
                <Vertices>6350 6349 6740
6350 6740 6726
6726 6740 6725
6725 6740 6739
6725 6739 6724
6725 6724 6709
6709 6724 6708
6709 6708 6692
6709 6692 6708
6693 6692 6675
6675 6692 6674
6674 6692 6691
6674 6691 6673
6674 6673 6655
6655 6673 6654
6655 6654 6635
6635 6654 6634
6635 6634 6614
6635 6614 6634
6635 6615 6614
6636 6615 6635
6636 6616 6615
6636 6637 6616
6656 6637 6636
6657 6637 6656
6657 6638 6637
6657 6658 6638
6676 6658 6657
6676 6677 6658
6694 6677 6676
6694 6695 6677
6711 6695 6694
6711 6352 6695
6351 6352 6711
6351 8680 6352
6351 8696 8680
6350 8696 6351
6350 8711 8696
</Vertices>
                <Weights>0.67 0.33 0
0.67 0.33 0
0.67 0.33 0
0.67 0.33 0
0.67 0.33 0
0.67 0.33 0
0.67 0.33 0
0.67 0.33 0
0.67 0.33 0
0.67 0.33 0
0.67 0.33 0
0.67 0.33 0
0.67 0.33 0
0.67 0.33 0
0.67 0.33 0
0.67 0.33 0
0.67 0.33 0
0.67 0.33 0
0.67 0.33 0
0.67 0.33 0
0.67 0.33 0
0.67 0.33 0
0.67 0.33 0
0.67 0.33 0
0.67 0.33 0
0.67 0.33 0
0.67 0.33 0
0.67 0.33 0
0.67 0.33 0
0.67 0.33 0
0.67 0.33 0
0.67 0.33 0
0.67 0.33 0
0.67 0.33 0
0.67 0.33 0
0.67 0.33 0
0.67 0.33 0
0.67 0.33 0
</Weights>
            </BorderPart>
        </Border>
        <Border Name="vogt9" Red="0.345098" Green="0.247059" Blue="0.290196">
            <BorderPart Closed="True">
                <Vertices>6518 6492 6517
6518 6517 6492
6542 6517 6541
6542 6541 6517
6542 6565 6541
6566 6565 6542
6566 6588 6565
6589 6588 6566
6589 6610 6588
6611 6610 6589
6611 6631 6610
6611 6632 6631
6612 6632 6611
6633 6632 6612
6633 6652 6632
6633 6653 6652
6633 6634 6613
6613 6634 6633
6614 6634 6613
6614 6635 6634
6615 6635 6614
6615 6636 6635
6615 6616 6594
6615 6594 6593
6593 6594 6571
6593 6571 6570
6570 6571 6547
6570 6547 6546
6546 6547 6522
6546 6522 6521
6546 6521 6545
6545 6521 6520
6520 6521 6495
6520 6495 6494
6520 6494 6519
6519 6494 6493
6519 6493 6518
6518 6493 6492
</Vertices>
                <Weights>0.67 0.33 0
0.67 0.33 0
0.67 0.33 0
0.67 0.33 0
0.67 0.33 0
0.67 0.33 0
0.67 0.33 0
0.67 0.33 0
0.67 0.33 0
0.67 0.33 0
0.67 0.33 0
0.67 0.33 0
0.67 0.33 0
0.67 0.33 0
0.67 0.33 0
0.67 0.33 0
0.67 0.33 0
0.67 0.33 0
0.67 0.33 0
0.67 0.33 0
0.67 0.33 0
0.67 0.33 0
0.67 0.33 0
0.67 0.33 0
0.67 0.33 0
0.67 0.33 0
0.67 0.33 0
0.67 0.33 0
0.67 0.33 0
0.67 0.33 0
0.67 0.33 0
0.67 0.33 0
0.67 0.33 0
0.67 0.33 0
0.67 0.33 0
0.67 0.33 0
0.67 0.33 0
0.67 0.33 0
</Weights>
            </BorderPart>
        </Border>
        <Border Name="vogt10" Red="0.129412" Green="0.0392157" Blue="0.027451">
            <BorderPart Closed="True">
                <Vertices>6330 6329 6811
6330 6811 6329
6817 6811 6330
6817 6812 6811
6818 6812 6817
6818 6813 6812
6819 6813 6818
6819 6814 6813
6820 6814 6819
6820 6815 6814
6820 6821 6815
6820 6825 6824
6824 6825 6820
6824 6828 6827
6824 6827 6823
6823 6827 6826
6826 6827 6823
6826 6829 6333
6826 6333 6332
6332 6333 6826
6332 8874 8873
8873 8874 6332
8873 8903 8902
8873 8902 8872
8873 8872 6331
6331 8872 6330
6330 8872 8871
6330 8871 6329
</Vertices>
                <Weights>0.67 0.33 0
0.67 0.33 0
0.67 0.33 0
0.67 0.33 0
0.67 0.33 0
0.67 0.33 0
0.67 0.33 0
0.67 0.33 0
0.67 0.33 0
0.67 0.33 0
0.67 0.33 0
0.67 0.33 0
0.67 0.33 0
0.67 0.33 0
0.67 0.33 0
0.67 0.33 0
0.67 0.33 0
0.67 0.33 0
0.67 0.33 0
0.67 0.33 0
0.67 0.33 0
0.67 0.33 0
0.67 0.33 0
0.67 0.33 0
0.67 0.33 0
0.67 0.33 0
0.67 0.33 0
0.67 0.33 0
</Weights>
            </BorderPart>
        </Border>
        <Border Name="vogt11" Red="1" Green="1" Blue="1">
            <BorderPart Closed="True">
                <Vertices>6341 6340 6821
6821 6340 6825
6825 6340 6821
6825 6339 6828
6825 6828 6824
6825 6824 6820
6825 6820 6824
6821 6820 6815
6821 6815 6820
6816 6815 6809
6816 6809 6815
6816 6810 6809
6342 6810 6816
6343 6810 6803
6343 6803 6810
6344 6803 6795
6344 6795 6803
6345 6795 6786
6345 6786 6795
6346 6786 6776
6346 6776 6786
6346 6347 6776
8750 6347 8738
8738 6347 6348
8738 6348 8725
8738 8725 6348
8726 8725 8712
8712 8725 8711
8712 8711 8697
8712 8697 8711
8712 8698 8697
8713 8698 8712
8713 8699 8698
8713 8714 8699
8727 8714 8713
8727 8728 8714
8727 8740 8739
8739 8740 8727
8751 8740 8739
8751 8752 8740
8751 8762 8761
8761 8762 8751
8771 8762 8761
8772 8762 8771
8772 8763 8762
8772 8773 8763
8772 8781 8780
8780 8781 8772
8788 8781 8780
8788 8789 8781
8788 8795 6342
6342 8795 8788
6341 8795 6342
6341 8801 8795
</Vertices>
                <Weights>0.67 0.33 0
0.67 0.33 0
0.67 0.33 0
0.67 0.33 0
0.67 0.33 0
0.67 0.33 0
0.67 0.33 0
0.67 0.33 0
0.67 0.33 0
0.67 0.33 0
0.67 0.33 0
0.67 0.33 0
0.67 0.33 0
0.67 0.33 0
0.67 0.33 0
0.67 0.33 0
0.67 0.33 0
0.67 0.33 0
0.67 0.33 0
0.67 0.33 0
0.67 0.33 0
0.67 0.33 0
0.67 0.33 0
0.67 0.33 0
0.67 0.33 0
0.67 0.33 0
0.67 0.33 0
0.67 0.33 0
0.67 0.33 0
0.67 0.33 0
0.67 0.33 0
0.67 0.33 0
0.67 0.33 0
0.67 0.33 0
0.67 0.33 0
0.67 0.33 0
0.67 0.33 0
0.67 0.33 0
0.67 0.33 0
0.67 0.33 0
0.67 0.33 0
0.67 0.33 0
0.67 0.33 0
0.67 0.33 0
0.67 0.33 0
0.67 0.33 0
0.67 0.33 0
0.67 0.33 0
0.67 0.33 0
0.67 0.33 0
0.67 0.33 0
0.67 0.33 0
0.67 0.33 0
0.67 0.33 0
</Weights>
            </BorderPart>
        </Border>
        <Border Name="vogt12" Red="1" Green="1" Blue="1">
            <BorderPart Closed="True">
                <Vertices>6338 6337 6830
6338 6830 6828
6828 6830 6827
6828 6827 6824
6828 6824 6827
6828 6825 6824
6339 6825 6828
6340 6825 6821
6340 6821 6825
6340 6341 6821
8801 6341 8795
8801 8795 6341
8801 8796 8795
8801 8802 8796
8806 8802 8801
8806 8807 8802
8810 8807 8806
8810 8811 8807
8810 8813 6338
6338 8813 8810
</Vertices>
                <Weights>0.67 0.33 0
0.67 0.33 0
0.67 0.33 0
0.67 0.33 0
0.67 0.33 0
0.67 0.33 0
0.67 0.33 0
0.67 0.33 0
0.67 0.33 0
0.67 0.33 0
0.67 0.33 0
0.67 0.33 0
0.67 0.33 0
0.67 0.33 0
0.67 0.33 0
0.67 0.33 0
0.67 0.33 0
0.67 0.33 0
0.67 0.33 0
0.67 0.33 0
</Weights>
            </BorderPart>
        </Border>
        <Border Name="vogt13" Red="1" Green="1" Blue="1">
            <BorderPart Closed="True">
                <Vertices>8740 8727 8739
8740 8739 8727
8740 8751 8739
8740 8752 8751
8740 8741 8728
8740 8728 8727
</Vertices>
                <Weights>0.67 0.33 0
0.67 0.33 0
0.67 0.33 0
0.67 0.33 0
0.67 0.33 0
0.67 0.33 0
</Weights>
            </BorderPart>
            <BorderPart Closed="True">
                <Vertices>8762 8751 8761
8762 8761 8751
8762 8771 8761
8762 8772 8771
8762 8763 8752
8762 8752 8751
</Vertices>
                <Weights>0.67 0.33 0
0.67 0.33 0
0.67 0.33 0
0.67 0.33 0
0.67 0.33 0
0.67 0.33 0
</Weights>
            </BorderPart>
            <BorderPart Closed="True">
                <Vertices>8795 6341 6342
8795 6342 8788
8795 8788 6342
8795 8789 8788
8795 8796 8789
8795 8801 6341
</Vertices>
                <Weights>0.67 0.33 0
0.67 0.33 0
0.67 0.33 0
0.67 0.33 0
0.67 0.33 0
0.67 0.33 0
</Weights>
            </BorderPart>
        </Border>
        <Border Name="vogt15" Red="1" Green="1" Blue="1">
            <BorderPart Closed="True">
                <Vertices>7 42 74
7 74 42
6336 74 8815
8815 74 6336
8815 75 8814
8815 8814 8813
8813 8814 8811
8813 8811 8810
8813 8810 6338
8813 6338 8810
6337 6338 6830
6337 6830 6831
6831 6830 6829
6831 6829 6334
6831 6334 6829
6335 6334 6831
8876 6334 8875
8876 8875 6334
8876 8905 8875
8876 630 8905
631 630 1096
631 1096 42
631 42 1096
</Vertices>
                <Weights>0.67 0.33 0
0.67 0.33 0
0.67 0.33 0
0.67 0.33 0
0.67 0.33 0
0.67 0.33 0
0.67 0.33 0
0.67 0.33 0
0.67 0.33 0
0.67 0.33 0
0.67 0.33 0
0.67 0.33 0
0.67 0.33 0
0.67 0.33 0
0.67 0.33 0
0.67 0.33 0
0.67 0.33 0
0.67 0.33 0
0.67 0.33 0
0.67 0.33 0
0.67 0.33 0
0.67 0.33 0
0.67 0.33 0
</Weights>
            </BorderPart>
            <BorderPart Closed="True">
                <Vertices>627 626 1086
627 1086 1090
627 1090 1086
627 628 1090
8960 628 8933
8960 8933 8932
8960 8932 8959
8959 8932 8931
8959 8931 8958
8959 8958 8931
8959 8985 8958
8986 8985 8959
8986 9011 8985
8986 626 9011
</Vertices>
                <Weights>0.67 0.33 0
0.67 0.33 0
0.67 0.33 0
0.67 0.33 0
0.67 0.33 0
0.67 0.33 0
0.67 0.33 0
0.67 0.33 0
0.67 0.33 0
0.67 0.33 0
0.67 0.33 0
0.67 0.33 0
0.67 0.33 0
0.67 0.33 0
</Weights>
            </BorderPart>
        </Border>
        <Border Name="vogt16" Red="1" Green="1" Blue="1">
            <BorderPart Closed="True">
                <Vertices>623 622 1060
1060 622 1051
1060 1051 1050
1050 1051 1040
1050 1040 1039
1039 1040 1028
1039 1028 1027
1027 1028 1015
1015 1028 1027
1015 1016 1002
1015 1002 1001
1001 1002 987
1001 987 986
986 987 971
986 971 970
970 971 954
970 954 953
970 953 969
969 953 952
952 953 935
952 935 934
934 935 916
934 916 915
915 916 896
915 896 895
895 896 875
875 896 895
875 876 854
875 854 853
853 854 831
853 831 830
853 830 852
852 830 829
829 830 806
829 806 805
829 805 828
829 828 805
829 851 828
852 851 829
873 851 872
873 872 851
873 893 872
894 893 873
913 893 912
913 912 893
931 912 930
931 930 912
931 948 930
949 948 931
949 965 948
949 966 965
950 966 949
967 966 950
967 982 966
983 982 967
983 997 982
998 997 983
998 1011 997
1012 1011 998
1012 1024 1011
1012 1025 1024
1012 1013 999
999 1013 1012
1000 1013 999
1014 1013 1000
1026 1013 1025
1026 1025 1013
1037 1025 1036
1037 1036 1025
1037 1047 1036
1037 1048 1047
1038 1048 1037
1049 1048 1038
1058 1048 1057
1058 1057 1048
1058 1066 1057
1067 1066 1058
1067 1074 1066
1075 1074 1067
1075 1081 1074
1075 625 1081
624 625 1075
624 9035 9058
9058 9035 9034
9058 9034 9057
9058 9057 9034
9058 9080 9057
623 9080 9058
</Vertices>
                <Weights>0.67 0.33 0
0.67 0.33 0
0.67 0.33 0
0.67 0.33 0
0.67 0.33 0
0.67 0.33 0
0.67 0.33 0
0.67 0.33 0
0.67 0.33 0
0.67 0.33 0
0.67 0.33 0
0.67 0.33 0
0.67 0.33 0
0.67 0.33 0
0.67 0.33 0
0.67 0.33 0
0.67 0.33 0
0.67 0.33 0
0.67 0.33 0
0.67 0.33 0
0.67 0.33 0
0.67 0.33 0
0.67 0.33 0
0.67 0.33 0
0.67 0.33 0
0.67 0.33 0
0.67 0.33 0
0.67 0.33 0
0.67 0.33 0
0.67 0.33 0
0.67 0.33 0
0.67 0.33 0
0.67 0.33 0
0.67 0.33 0
0.67 0.33 0
0.67 0.33 0
0.67 0.33 0
0.67 0.33 0
0.67 0.33 0
0.67 0.33 0
0.67 0.33 0
0.67 0.33 0
0.67 0.33 0
0.67 0.33 0
0.67 0.33 0
0.67 0.33 0
0.67 0.33 0
0.67 0.33 0
0.67 0.33 0
0.67 0.33 0
0.67 0.33 0
0.67 0.33 0
0.67 0.33 0
0.67 0.33 0
0.67 0.33 0
0.67 0.33 0
0.67 0.33 0
0.67 0.33 0
0.67 0.33 0
0.67 0.33 0
0.67 0.33 0
0.67 0.33 0
0.67 0.33 0
0.67 0.33 0
0.67 0.33 0
0.67 0.33 0
0.67 0.33 0
0.67 0.33 0
0.67 0.33 0
0.67 0.33 0
0.67 0.33 0
0.67 0.33 0
0.67 0.33 0
0.67 0.33 0
0.67 0.33 0
0.67 0.33 0
0.67 0.33 0
0.67 0.33 0
0.67 0.33 0
0.67 0.33 0
0.67 0.33 0
0.67 0.33 0
0.67 0.33 0
0.67 0.33 0
0.67 0.33 0
0.67 0.33 0
0.67 0.33 0
0.67 0.33 0
</Weights>
            </BorderPart>
        </Border>
        <Border Name="vogt17" Red="1" Green="1" Blue="1">
            <BorderPart Closed="True">
                <Vertices>6334 6333 6829
6334 6829 6333
6334 6831 6829
6334 6335 6831
6334 8876 8875
8875 8876 6334
8905 8876 8875
8905 630 8876
8905 629 8933
8933 629 8905
8933 628 8960
8933 8960 8932
8932 8960 8959
8932 8959 8931
8931 8959 8958
8931 8958 8930
8931 8930 8902
8931 8902 8930
8931 8903 8902
8932 8903 8931
8904 8903 8874
8904 8874 8903
8875 8874 6333
8875 6333 8874
</Vertices>
                <Weights>0.67 0.33 0
0.67 0.33 0
0.67 0.33 0
0.67 0.33 0
0.67 0.33 0
0.67 0.33 0
0.67 0.33 0
0.67 0.33 0
0.67 0.33 0
0.67 0.33 0
0.67 0.33 0
0.67 0.33 0
0.67 0.33 0
0.67 0.33 0
0.67 0.33 0
0.67 0.33 0
0.67 0.33 0
0.67 0.33 0
0.67 0.33 0
0.67 0.33 0
0.67 0.33 0
0.67 0.33 0
0.67 0.33 0
0.67 0.33 0
</Weights>
            </BorderPart>
            <BorderPart Closed="True">
                <Vertices>6830 6337 6831
6830 6831 6829
6830 6829 6827
6830 6827 6829
6830 6828 6827
6830 6338 6828
</Vertices>
                <Weights>0.67 0.33 0
0.67 0.33 0
0.67 0.33 0
0.67 0.33 0
0.67 0.33 0
0.67 0.33 0
</Weights>
            </BorderPart>
        </Border>
        <Border Name="vogt18" Red="1" Green="1" Blue="1">
            <BorderPart Closed="True">
                <Vertices>622 621 1051
1051 621 1041
1051 1041 1040
1040 1041 1029
1040 1029 1028
1040 1028 1039
1040 1039 1028
1040 1050 1039
1051 1050 1040
1051 1060 1050
622 1060 1051
622 623 1060
9080 623 9058
9080 9058 9057
9080 9057 9079
9080 9079 9057
9080 9101 9079
622 9101 9080
</Vertices>
                <Weights>0.67 0.33 0
0.67 0.33 0
0.67 0.33 0
0.67 0.33 0
0.67 0.33 0
0.67 0.33 0
0.67 0.33 0
0.67 0.33 0
0.67 0.33 0
0.67 0.33 0
0.67 0.33 0
0.67 0.33 0
0.67 0.33 0
0.67 0.33 0
0.67 0.33 0
0.67 0.33 0
0.67 0.33 0
0.67 0.33 0
</Weights>
            </BorderPart>
            <BorderPart Closed="True">
                <Vertices>625 624 1075
625 1075 1081
1081 1075 1074
1081 1074 1080
1081 1080 1074
1081 1086 1080
626 1086 1081
626 627 1086
626 8986 9011
9011 8986 8985
9011 8985 9010
9010 8985 8984
9010 8984 9009
9010 9009 8984
9034 9009 9033
9034 9033 9009
9034 9057 9033
9034 9058 9057
9035 9058 9034
9035 624 9058
</Vertices>
                <Weights>0.67 0.33 0
0.67 0.33 0
0.67 0.33 0
0.67 0.33 0
0.67 0.33 0
0.67 0.33 0
0.67 0.33 0
0.67 0.33 0
0.67 0.33 0
0.67 0.33 0
0.67 0.33 0
0.67 0.33 0
0.67 0.33 0
0.67 0.33 0
0.67 0.33 0
0.67 0.33 0
0.67 0.33 0
0.67 0.33 0
0.67 0.33 0
0.67 0.33 0
</Weights>
            </BorderPart>
        </Border>
        <Border Name="vogt19" Red="0.47451" Green="0.364706" Blue="0.356863">
            <BorderPart Closed="True">
                <Vertices>876 854 875
876 875 854
896 875 895
896 895 875
896 915 895
916 915 896
916 934 915
935 934 916
935 952 934
953 952 935
953 969 952
953 970 969
954 970 953
971 970 954
971 986 970
987 986 971
987 1001 986
1002 1001 987
1002 1015 1001
1002 1016 1015
1002 1003 988
1002 988 987
987 988 972
972 988 987
972 973 956
972 956 955
955 956 938
955 938 937
955 937 954
954 937 936
936 937 918
936 918 917
936 917 935
935 917 916
916 917 897
916 897 896
896 897 876
876 897 896
876 877 855
876 855 854
</Vertices>
                <Weights>0.67 0.33 0
0.67 0.33 0
0.67 0.33 0
0.67 0.33 0
0.67 0.33 0
0.67 0.33 0
0.67 0.33 0
0.67 0.33 0
0.67 0.33 0
0.67 0.33 0
0.67 0.33 0
0.67 0.33 0
0.67 0.33 0
0.67 0.33 0
0.67 0.33 0
0.67 0.33 0
0.67 0.33 0
0.67 0.33 0
0.67 0.33 0
0.67 0.33 0
0.67 0.33 0
0.67 0.33 0
0.67 0.33 0
0.67 0.33 0
0.67 0.33 0
0.67 0.33 0
0.67 0.33 0
0.67 0.33 0
0.67 0.33 0
0.67 0.33 0
0.67 0.33 0
0.67 0.33 0
0.67 0.33 0
0.67 0.33 0
0.67 0.33 0
0.67 0.33 0
0.67 0.33 0
0.67 0.33 0
0.67 0.33 0
0.67 0.33 0
</Weights>
            </BorderPart>
            <BorderPart Closed="True">
                <Vertices>1028 1015 1027
1028 1027 1015
1028 1039 1027
1028 1040 1039
1028 1029 1016
1028 1016 1015
</Vertices>
                <Weights>0.67 0.33 0
0.67 0.33 0
0.67 0.33 0
0.67 0.33 0
0.67 0.33 0
0.67 0.33 0
</Weights>
            </BorderPart>
        </Border>
        <Border Name="vogt20" Red="0.596078" Green="0.564706" Blue="0.439216">
            <BorderPart Closed="True">
                <Vertices>781 755 780
781 780 755
781 805 780
806 805 781
806 829 805
830 829 806
830 852 829
830 853 852
831 853 830
854 853 831
854 875 853
854 876 875
854 855 832
854 832 831
831 832 808
831 808 807
831 807 830
830 807 806
806 807 782
806 782 781
781 782 756
781 756 755
</Vertices>
                <Weights>0.67 0.33 0
0.67 0.33 0
0.67 0.33 0
0.67 0.33 0
0.67 0.33 0
0.67 0.33 0
0.67 0.33 0
0.67 0.33 0
0.67 0.33 0
0.67 0.33 0
0.67 0.33 0
0.67 0.33 0
0.67 0.33 0
0.67 0.33 0
0.67 0.33 0
0.67 0.33 0
0.67 0.33 0
0.67 0.33 0
0.67 0.33 0
0.67 0.33 0
0.67 0.33 0
0.67 0.33 0
</Weights>
            </BorderPart>
        </Border>
        <Border Name="vogt21" Red="0.254902" Green="0.0431373" Blue="0.0823529">
            <BorderPart Closed="True">
                <Vertices>6333 6332 6826
6333 6826 6332
6829 6826 6333
6827 6826 6823
6827 6823 6826
6827 6824 6823
6827 6828 6824
6827 6830 6829
6829 6830 6827
6829 6831 6334
6829 6334 6333
6333 6334 6829
6333 8875 8874
8874 8875 6333
8874 8904 8903
8903 8904 8874
8903 8932 8931
8903 8931 8902
8902 8931 8930
8930 8931 8902
8930 8958 8957
8930 8957 8929
8930 8929 8901
8930 8901 8929
8902 8901 8872
8902 8872 8901
8902 8873 8872
8903 8873 8902
8874 8873 6332
8874 6332 8873
</Vertices>
                <Weights>0.67 0.33 0
0.67 0.33 0
0.67 0.33 0
0.67 0.33 0
0.67 0.33 0
0.67 0.33 0
0.67 0.33 0
0.67 0.33 0
0.67 0.33 0
0.67 0.33 0
0.67 0.33 0
0.67 0.33 0
0.67 0.33 0
0.67 0.33 0
0.67 0.33 0
0.67 0.33 0
0.67 0.33 0
0.67 0.33 0
0.67 0.33 0
0.67 0.33 0
0.67 0.33 0
0.67 0.33 0
0.67 0.33 0
0.67 0.33 0
0.67 0.33 0
0.67 0.33 0
0.67 0.33 0
0.67 0.33 0
0.67 0.33 0
0.67 0.33 0
</Weights>
            </BorderPart>
        </Border>
        <Border Name="vogt22" Red="0.494118" Green="0.14902" Blue="0.294118">
            <BorderPart Closed="True">
                <Vertices>1029 1016 1028
1029 1028 1016
1029 1040 1028
1029 1041 1040
1029 1030 1017
1029 1017 1016
</Vertices>
                <Weights>0.67 0.33 0
0.67 0.33 0
0.67 0.33 0
0.67 0.33 0
0.67 0.33 0
0.67 0.33 0
</Weights>
            </BorderPart>
            <BorderPart Closed="True">
                <Vertices>9057 9033 9056
9057 9056 9033
9057 9079 9056
9057 9080 9079
9057 9058 9034
9057 9034 9033
</Vertices>
                <Weights>0.67 0.33 0
0.67 0.33 0
0.67 0.33 0
0.67 0.33 0
0.67 0.33 0
0.67 0.33 0
</Weights>
            </BorderPart>
        </Border>
        <Border Name="vogt23" Red="0.47451" Green="0.364706" Blue="0.356863">
            <BorderPart Closed="True">
                <Vertices>897 876 896
897 896 876
897 916 896
917 916 897
917 935 916
917 936 935
917 918 898
917 898 897
897 898 877
897 877 876
</Vertices>
                <Weights>0.67 0.33 0
0.67 0.33 0
0.67 0.33 0
0.67 0.33 0
0.67 0.33 0
0.67 0.33 0
0.67 0.33 0
0.67 0.33 0
0.67 0.33 0
0.67 0.33 0
</Weights>
            </BorderPart>
            <BorderPart Closed="True">
                <Vertices>937 918 936
937 936 918
937 954 936
937 955 954
937 938 919
937 919 918
</Vertices>
                <Weights>0.67 0.33 0
0.67 0.33 0
0.67 0.33 0
0.67 0.33 0
0.67 0.33 0
0.67 0.33 0
</Weights>
            </BorderPart>
        </Border>
        <Border Name="vogt24" Red="0.596078" Green="0.564706" Blue="0.439216">
            <BorderPart Closed="True">
                <Vertices>732 704 731
732 731 704
758 731 757
757 731 730
757 730 756
757 756 730
782 756 781
782 781 756
782 806 781
807 806 782
807 830 806
807 831 830
808 831 807
832 831 808
832 854 831
855 854 832
855 876 854
855 877 876
855 856 833
833 856 855
833 834 810
833 810 809
809 810 785
785 810 809
785 786 760
785 760 759
759 760 733
733 760 759
733 734 706
733 706 705
733 705 732
732 705 704
</Vertices>
                <Weights>0.67 0.33 0
0.67 0.33 0
0.67 0.33 0
0.67 0.33 0
0.67 0.33 0
0.67 0.33 0
0.67 0.33 0
0.67 0.33 0
0.67 0.33 0
0.67 0.33 0
0.67 0.33 0
0.67 0.33 0
0.67 0.33 0
0.67 0.33 0
0.67 0.33 0
0.67 0.33 0
0.67 0.33 0
0.67 0.33 0
0.67 0.33 0
0.67 0.33 0
0.67 0.33 0
0.67 0.33 0
0.67 0.33 0
0.67 0.33 0
0.67 0.33 0
0.67 0.33 0
0.67 0.33 0
0.67 0.33 0
0.67 0.33 0
0.67 0.33 0
0.67 0.33 0
0.67 0.33 0
</Weights>
            </BorderPart>
        </Border>
        <Border Name="vogt25" Red="0.313726" Green="0.0431373" Blue="0.137255">
            <BorderPart Closed="True">
                <Vertices>8956 8928 8955
8956 8955 8928
8982 8955 8981
8982 8981 8955
9007 8981 9006
9006 8981 8980
9006 8980 9005
9006 9005 8980
9006 9030 9005
9031 9030 9006
9054 9030 9053
9054 9053 9030
9076 9053 9075
9076 9075 9053
9076 9097 9075
9098 9097 9076
9098 9118 9097
9098 9119 9118
9099 9119 9098
9099 9120 9119
9099 9100 9078
9078 9100 9099
9078 9079 9056
9056 9079 9078
9056 9057 9033
9033 9057 9056
9033 9034 9009
9009 9034 9033
9009 9010 8984
8984 9010 9009
8984 8985 8958
8958 8985 8984
8958 8959 8931
8958 8931 8930
8958 8930 8957
8957 8930 8929
8957 8929 8956
8956 8929 8928
</Vertices>
                <Weights>0.67 0.33 0
0.67 0.33 0
0.67 0.33 0
0.67 0.33 0
0.67 0.33 0
0.67 0.33 0
0.67 0.33 0
0.67 0.33 0
0.67 0.33 0
0.67 0.33 0
0.67 0.33 0
0.67 0.33 0
0.67 0.33 0
0.67 0.33 0
0.67 0.33 0
0.67 0.33 0
0.67 0.33 0
0.67 0.33 0
0.67 0.33 0
0.67 0.33 0
0.67 0.33 0
0.67 0.33 0
0.67 0.33 0
0.67 0.33 0
0.67 0.33 0
0.67 0.33 0
0.67 0.33 0
0.67 0.33 0
0.67 0.33 0
0.67 0.33 0
0.67 0.33 0
0.67 0.33 0
0.67 0.33 0
0.67 0.33 0
0.67 0.33 0
0.67 0.33 0
0.67 0.33 0
0.67 0.33 0
</Weights>
            </BorderPart>
        </Border>
        <Border Name="vogt26" Red="0.494118" Green="0.14902" Blue="0.294118">
            <BorderPart Closed="True">
                <Vertices>621 620 1041
1041 620 1030
1041 1030 1029
1041 1029 1040
1041 1040 1029
1041 1051 1040
621 1051 1041
621 622 1051
621 9101 9121
621 9121 9101
</Vertices>
                <Weights>0.67 0.33 0
0.67 0.33 0
0.67 0.33 0
0.67 0.33 0
0.67 0.33 0
0.67 0.33 0
0.67 0.33 0
0.67 0.33 0
0.67 0.33 0
0.67 0.33 0
</Weights>
            </BorderPart>
            <BorderPart Closed="True">
                <Vertices>1003 988 1002
1003 1002 988
1016 1002 1015
1016 1015 1002
1016 1028 1015
1016 1029 1028
1016 1017 1003
1003 1017 1016
1003 1004 989
1003 989 988
</Vertices>
                <Weights>0.67 0.33 0
0.67 0.33 0
0.67 0.33 0
0.67 0.33 0
0.67 0.33 0
0.67 0.33 0
0.67 0.33 0
0.67 0.33 0
0.67 0.33 0
0.67 0.33 0
</Weights>
            </BorderPart>
        </Border>
        <Border Name="vogt27" Red="0.686275" Green="0.486275" Blue="0.490196">
            <BorderPart Closed="True">
                <Vertices>898 877 897
898 897 877
898 917 897
918 917 898
918 936 917
918 937 936
919 937 918
919 938 937
919 920 900
919 900 899
899 900 879
899 879 878
899 878 898
898 878 877
</Vertices>
                <Weights>0.67 0.33 0
0.67 0.33 0
0.67 0.33 0
0.67 0.33 0
0.67 0.33 0
0.67 0.33 0
0.67 0.33 0
0.67 0.33 0
0.67 0.33 0
0.67 0.33 0
0.67 0.33 0
0.67 0.33 0
0.67 0.33 0
0.67 0.33 0
</Weights>
            </BorderPart>
            <BorderPart Closed="True">
                <Vertices>988 972 987
988 987 972
988 1002 987
988 1003 1002
988 989 973
988 973 972
</Vertices>
                <Weights>0.67 0.33 0
0.67 0.33 0
0.67 0.33 0
0.67 0.33 0
0.67 0.33 0
0.67 0.33 0
</Weights>
            </BorderPart>
        </Border>
        <Border Name="vogt28" Red="0.466667" Green="0.603922" Blue="0.262745">
            <BorderPart Closed="True">
                <Vertices>706 677 705
706 705 677
706 733 705
734 733 706
760 733 759
760 759 733
760 785 759
786 785 760
810 785 809
810 809 785
810 833 809
834 833 810
856 833 855
856 855 833
877 855 876
877 876 855
877 897 876
877 898 897
877 878 856
856 878 877
856 857 834
834 857 856
834 835 811
834 811 810
810 811 786
786 811 810
786 787 761
786 761 760
760 761 734
734 761 760
734 735 707
734 707 706
706 707 678
706 678 677
</Vertices>
                <Weights>0.67 0.33 0
0.67 0.33 0
0.67 0.33 0
0.67 0.33 0
0.67 0.33 0
0.67 0.33 0
0.67 0.33 0
0.67 0.33 0
0.67 0.33 0
0.67 0.33 0
0.67 0.33 0
0.67 0.33 0
0.67 0.33 0
0.67 0.33 0
0.67 0.33 0
0.67 0.33 0
0.67 0.33 0
0.67 0.33 0
0.67 0.33 0
0.67 0.33 0
0.67 0.33 0
0.67 0.33 0
0.67 0.33 0
0.67 0.33 0
0.67 0.33 0
0.67 0.33 0
0.67 0.33 0
0.67 0.33 0
0.67 0.33 0
0.67 0.33 0
0.67 0.33 0
0.67 0.33 0
0.67 0.33 0
0.67 0.33 0
</Weights>
            </BorderPart>
            <BorderPart Closed="True">
                <Vertices>729 701 728
729 728 701
729 755 728
756 755 729
756 781 755
756 782 781
756 757 730
756 730 729
729 730 702
729 702 701
</Vertices>
                <Weights>0.67 0.33 0
0.67 0.33 0
0.67 0.33 0
0.67 0.33 0
0.67 0.33 0
0.67 0.33 0
0.67 0.33 0
0.67 0.33 0
0.67 0.33 0
0.67 0.33 0
</Weights>
            </BorderPart>
        </Border>
        <Border Name="vogt30" Red="0.454902" Green="0.160784" Blue="0.25098">
            <BorderPart Closed="True">
                <Vertices>615 614 960
960 614 943
960 943 942
960 942 959
959 942 941
959 941 958
959 958 941
975 958 974
975 974 958
990 974 989
990 989 974
1004 989 1003
1004 1003 989
1017 1003 1016
1017 1016 1003
1017 1029 1016
1030 1029 1017
1030 1041 1029
620 1041 1030
620 621 1041
9121 621 9101
9101 621 9121
9101 622 9080
9101 9080 9079
9079 9080 9057
9079 9057 9056
9079 9056 9078
9079 9078 9056
9100 9078 9099
9100 9099 9078
9120 9099 9119
9119 9099 9098
9119 9098 9118
9118 9098 9097
9118 9097 9117
9117 9097 9096
9117 9096 9116
9117 9116 9096
9117 9136 9116
9137 9136 9117
9137 9155 9136
9156 9155 9137
9156 9173 9155
9174 9173 9156
9174 9190 9173
9191 9190 9174
9191 9206 9190
616 9206 9191
615 9206 9220
615 9220 9206
</Vertices>
                <Weights>0.67 0.33 0
0.67 0.33 0
0.67 0.33 0
0.67 0.33 0
0.67 0.33 0
0.67 0.33 0
0.67 0.33 0
0.67 0.33 0
0.67 0.33 0
0.67 0.33 0
0.67 0.33 0
0.67 0.33 0
0.67 0.33 0
0.67 0.33 0
0.67 0.33 0
0.67 0.33 0
0.67 0.33 0
0.67 0.33 0
0.67 0.33 0
0.67 0.33 0
0.67 0.33 0
0.67 0.33 0
0.67 0.33 0
0.67 0.33 0
0.67 0.33 0
0.67 0.33 0
0.67 0.33 0
0.67 0.33 0
0.67 0.33 0
0.67 0.33 0
0.67 0.33 0
0.67 0.33 0
0.67 0.33 0
0.67 0.33 0
0.67 0.33 0
0.67 0.33 0
0.67 0.33 0
0.67 0.33 0
0.67 0.33 0
0.67 0.33 0
0.67 0.33 0
0.67 0.33 0
0.67 0.33 0
0.67 0.33 0
0.67 0.33 0
0.67 0.33 0
0.67 0.33 0
0.67 0.33 0
0.67 0.33 0
0.67 0.33 0
</Weights>
            </BorderPart>
        </Border>
        <Border Name="vogt31" Red="0.670588" Green="0.560784" Blue="0.505882">
            <BorderPart Closed="True">
                <Vertices>587 586 648
648 586 647
648 647 586
648 677 647
678 677 648
678 706 677
707 706 678
707 734 706
735 734 707
761 734 760
761 760 734
761 786 760
787 786 761
811 786 810
811 810 786
811 834 810
835 834 811
857 834 856
857 856 834
878 856 877
878 877 856
878 898 877
878 899 898
879 899 878
900 899 879
900 919 899
920 919 900
938 919 937
938 937 919
938 955 937
956 955 938
956 972 955
973 972 956
973 988 972
989 988 973
989 1003 988
989 1004 1003
989 990 974
974 990 989
974 975 958
958 975 974
958 959 941
958 941 940
940 941 922
940 922 921
921 922 902
902 922 921
902 903 882
902 882 881
881 882 860
881 860 859
859 860 837
859 837 836
836 837 813
836 813 812
812 813 788
812 788 787
787 788 762
762 788 787
762 763 736
762 736 735
735 736 708
708 736 735
708 709 680
680 709 708
680 681 651
680 651 650
680 650 679
679 650 649
649 650 588
649 588 587
587 588 649
587 1533 1519
587 1519 586
</Vertices>
                <Weights>0.67 0.33 0
0.67 0.33 0
0.67 0.33 0
0.67 0.33 0
0.67 0.33 0
0.67 0.33 0
0.67 0.33 0
0.67 0.33 0
0.67 0.33 0
0.67 0.33 0
0.67 0.33 0
0.67 0.33 0
0.67 0.33 0
0.67 0.33 0
0.67 0.33 0
0.67 0.33 0
0.67 0.33 0
0.67 0.33 0
0.67 0.33 0
0.67 0.33 0
0.67 0.33 0
0.67 0.33 0
0.67 0.33 0
0.67 0.33 0
0.67 0.33 0
0.67 0.33 0
0.67 0.33 0
0.67 0.33 0
0.67 0.33 0
0.67 0.33 0
0.67 0.33 0
0.67 0.33 0
0.67 0.33 0
0.67 0.33 0
0.67 0.33 0
0.67 0.33 0
0.67 0.33 0
0.67 0.33 0
0.67 0.33 0
0.67 0.33 0
0.67 0.33 0
0.67 0.33 0
0.67 0.33 0
0.67 0.33 0
0.67 0.33 0
0.67 0.33 0
0.67 0.33 0
0.67 0.33 0
0.67 0.33 0
0.67 0.33 0
0.67 0.33 0
0.67 0.33 0
0.67 0.33 0
0.67 0.33 0
0.67 0.33 0
0.67 0.33 0
0.67 0.33 0
0.67 0.33 0
0.67 0.33 0
0.67 0.33 0
0.67 0.33 0
0.67 0.33 0
0.67 0.33 0
0.67 0.33 0
0.67 0.33 0
0.67 0.33 0
0.67 0.33 0
0.67 0.33 0
0.67 0.33 0
0.67 0.33 0
0.67 0.33 0
0.67 0.33 0
0.67 0.33 0
0.67 0.33 0
</Weights>
            </BorderPart>
        </Border>
